state,year,government_function,full_time_employees,full_time_pay,part_time_employees,part_time_pay,part_time_hours,full_time_equivalent_employees,total_march_full_time_and_part_time_employees,total_march_pay
US,2012,total,14345396,64724339918,4843242,5854610711,320976119,16206683,19188638,70578950629
US,2012,financial administration,365079,1653868325,50183,59952722,3369495,383596,415262,1713821047
US,2012,other government administration,234771,1063185960,181373,111844577,5675659,265954,416144,1175030537
US,2012,judicial and legal,391039,1965192153,41307,68190199,3003775,407927,432346,2033382352
US,2012,police protection total,874907,4832989326,96069,99694833,6571486,912308,970976,4932684159
US,2012,police protection - officers,674614,4005805202,35540,39098288,2458749,688507,710154,4044903490
US,2012,police protection - other,200293,827184124,60529,60596545,4112737,223801,260822,887780669
US,2012,fire protection total,321835,1955268048,106456,52512587,3780559,343017,428291,2007780635
US,2012,fire protection - firefighters,295050,1815417579,94989,43591844,3285389,313522,390039,1859009423
US,2012,fire protection - other,26785,139850469,11467,8920743,495170,29495,38252,148771212
US,2012,corrections,691679,2940165499,23072,43455128,2133089,703882,714751,2983620627
US,2012,highways,480671,2044675557,35284,51662917,2973058,497430,515955,2096338474
US,2012,air transportation,44223,223079737,3967,4908341,344413,46184,48190,227988078
US,2012,water transport and terminals,12448,71872670,1120,1499626,89186,12954,13568,73372296
US,2012,public welfare,472283,1859150098,49869,79914938,4756759,499668,522152,1939065036
US,2012,health,394936,1721357942,70155,120062036,5693626,427420,465091,1841419978
US,2012,hospitals,846918,4093611411,207929,609717505,21295478,969022,1054847,4703328916
US,2012,social insurance administration,80603,343819954,7381,16699825,846630,85516,87984,360519779
US,2012,solid waste management,98871,402623705,14660,14492509,1251814,105904,113531,417116214
US,2012,sewerage,120841,556745901,9802,9175602,543633,123716,130643,565921503
US,2012,parks and recreation,178391,690338159,211890,170155321,13933240,257778,390281,860493480
US,2012,housing and community development,101951,452535417,12276,15729077,973641,107544,114227,468264494
US,2012,natural resources,155134,676620619,32202,43881850,2598609,169979,187336,720502469
US,2012,water transport and terminals,163797,764559335,15364,14565417,882273,168527,179161,779124752
US,2012,electric power,77381,508829514,2513,5171282,239883,78738,79894,514000796
US,2012,gas supply,11111,49748914,361,570776,26951,11263,11472,50319690
US,2012,transit,213078,1158752263,18873,35484227,2117058,225117,231951,1194236490
US,2012,education total,7522230,32541892836,3460971,4029627928,224455942,8835290,10983201,36571520764
US,2012,education - elementary and secondary total,5936118,24036902975,1774435,2057500180,126892695,6688816,7710553,26094403155
US,2012,education - elementary and secondary instructional,4270219,19394895050,981343,1201550542,67145691,4667045,5251562,20596445592
US,2012,education - elementary and secondary other,1665899,4642007925,793092,855949638,59747004,2021771,2458991,5497957563
US,2012,education - higher education total,1506198,8150196416,1673018,1948856235,96500067,2060463,3179216,10099052651
US,2012,education - higher education instructional,494596,3633551738,639211,1043781361,35788890,700566,1133807,4677333099
US,2012,education - higher education other,1011602,4516644678,1033807,905074874,60711177,1359897,2045409,5421719552
US,2012,education - other,79914,354793445,13518,23271513,1063180,86011,93432,378064958
US,2012,libraries,86371,324674338,94413,95773815,7161911,127696,180784,420448153
US,2012,liquor stores,6703,22176390,4839,7233229,462036,9410,11542,29409619
US,2012,other and unallocable,398145,1806605847,90913,92634444,5795915,430843,489058,1899240291
AL,2012,total,258228,931972480,59015,63361323,4019252,281585,317243,995333803
AL,2012,financial administration,6255,23703987,273,306510,22083,6378,6528,24010497
AL,2012,other government administration,2999,11069247,2176,1473427,75025,3416,5175,12542674
AL,2012,judicial and legal,4532,19180687,661,823962,51310,4817,5193,20004649
AL,2012,police protection total,13781,51419600,1211,1135427,98510,14347,14992,52555027
AL,2012,police protection - officers,10737,42742047,507,515205,43546,10993,11244,43257252
AL,2012,police protection - other,3044,8677553,704,620222,54964,3354,3748,9297775
AL,2012,fire protection total,5791,23864548,877,588482,50925,6082,6668,24453030
AL,2012,fire protection - firefighters,5498,22857738,819,564626,49162,5777,6317,23422364
AL,2012,fire protection - other,293,1006810,58,23856,1763,305,351,1030666
AL,2012,corrections,8345,25933294,325,472250,36376,8553,8670,26405544
AL,2012,highways,10497,33197559,361,418336,39539,10720,10858,33615895
AL,2012,air transportation,457,1618792,38,39389,3928,480,495,1658181
AL,2012,water transport and terminals,585,2786993,3,3864,361,587,588,2790857
AL,2012,public welfare,4937,15822570,554,621249,52600,5238,5491,16443819
AL,2012,health,11160,35361771,1579,1688090,136575,11933,12739,37049861
AL,2012,hospitals,31833,127572164,8303,18830173,826441,36766,40136,146402337
AL,2012,social insurance administration,877,3237568,63,89146,8902,927,940,3326714
AL,2012,solid waste management,3276,8702411,162,194674,17970,3381,3438,8897085
AL,2012,sewerage,1405,5357806,53,55750,3945,1428,1458,5413556
AL,2012,parks and recreation,3236,9416748,2389,1802946,198246,4355,5625,11219694
AL,2012,housing and community development,1896,6815468,237,242037,17918,2002,2133,7057505
AL,2012,natural resources,2379,8665513,183,222962,16085,2474,2562,8888475
AL,2012,water transport and terminals,3764,14497499,265,262871,18573,3868,4029,14760370
AL,2012,electric power,1102,5410530,29,62043,3273,1121,1131,5472573
AL,2012,gas supply,862,3481495,33,25952,2639,877,895,3507447
AL,2012,transit,504,1455635,129,154372,14456,587,633,1610007
AL,2012,education total,129521,464803967,37128,31655025,2102570,141759,166649,496458992
AL,2012,education - elementary and secondary total,94610,303507834,10315,7627176,707313,98756,104925,311135010
AL,2012,education - elementary and secondary instructional,64050,244371346,6802,5293872,464637,66746,70852,249665218
AL,2012,education - elementary and secondary other,30560,59136488,3513,2333304,242676,32010,34073,61469792
AL,2012,education - higher education total,32017,150233877,26657,23872837,1389139,40075,58674,174106714
AL,2012,education - higher education instructional,9805,61917328,9860,11797015,495490,12676,19665,73714343
AL,2012,education - higher education other,22212,88316549,16797,12075822,893649,27399,39009,100392371
AL,2012,education - other,2894,11062256,156,155012,6118,2928,3050,11217268
AL,2012,libraries,913,2758103,668,730389,67618,1301,1581,3488492
AL,2012,liquor stores,734,1948940,10,14782,872,739,744,1963722
AL,2012,other and unallocable,6587,23889585,1305,1447215,152512,7449,7892,25336800
AK,2012,total,50121,263900443,14216,17000199,888648,55258,64337,280900642
AK,2012,financial administration,2013,11323009,114,176771,8962,2067,2127,11499780
AK,2012,other government administration,1706,9161777,872,696294,29183,1874,2578,9858071
AK,2012,judicial and legal,1561,9457479,58,158437,4751,1590,1619,9615916
AK,2012,police protection total,1914,12317052,129,99633,6224,1950,2043,12416685
AK,2012,police protection - officers,1193,8934880,50,46418,3128,1211,1243,8981298
AK,2012,police protection - other,721,3382172,79,53215,3096,739,800,3435387
AK,2012,fire protection total,753,5708140,548,192350,14067,833,1301,5900490
AK,2012,fire protection - firefighters,649,5054123,534,178891,13226,724,1183,5233014
AK,2012,fire protection - other,104,654017,14,13459,841,109,118,667476
AK,2012,corrections,1972,10220089,58,135630,6291,2010,2030,10355719
AK,2012,highways,3845,22221450,167,194524,11020,3910,4012,22415974
AK,2012,air transportation,70,381210,9,15832,808,74,79,397042
AK,2012,water transport and terminals,153,735137,16,23898,1419,161,169,759035
AK,2012,public welfare,1909,8720890,156,275342,22913,2047,2065,8996232
AK,2012,health,949,5194878,263,229732,12827,1023,1212,5424610
AK,2012,hospitals,845,4779446,319,921717,29788,1018,1164,5701163
AK,2012,social insurance administration,408,1875456,7,15128,644,412,415,1890584
AK,2012,solid waste management,298,1453877,72,84786,4876,322,370,1538663
AK,2012,sewerage,294,1690410,55,49206,3409,314,349,1739616
AK,2012,parks and recreation,479,2103937,564,538077,35926,687,1043,2642014
AK,2012,housing and community development,642,3245947,183,377183,16898,742,825,3623130
AK,2012,natural resources,2406,12891598,118,245671,8893,2458,2524,13137269
AK,2012,water transport and terminals,293,1644920,73,85004,4745,323,366,1729924
AK,2012,electric power,460,3397942,64,73668,3280,479,524,3471610
AK,2012,gas supply,6,30119,1,994,64,6,7,31113
AK,2012,transit,217,1157329,57,176722,6813,255,274,1334051
AK,2012,education total,23205,113149916,9661,11454576,611034,26721,32866,124604492
AK,2012,education - elementary and secondary total,18413,85118224,5542,6215429,347578,20438,23955,91333653
AK,2012,education - elementary and secondary instructional,12103,64889057,2972,3952578,206418,13302,15075,68841635
AK,2012,education - elementary and secondary other,6310,20229167,2570,2262851,141160,7136,8880,22492018
AK,2012,education - higher education total,4538,26644060,4074,5195911,261000,6014,8612,31839971
AK,2012,education - higher education instructional,1499,11679981,1146,1412770,57609,1825,2645,13092751
AK,2012,education - higher education other,3039,14964079,2928,3783141,203391,4189,5967,18747220
AK,2012,education - other,254,1387632,45,43236,2456,269,299,1430868
AK,2012,libraries,192,829719,207,254244,14556,274,399,1083963
AK,2012,liquor stores,0,0,0,0,0,0,0,0
AK,2012,other and unallocable,3531,20208716,445,524780,29257,3708,3976,20733496
AZ,2012,total,251586,1061848493,85672,95759076,6058943,286080,337258,1157607569
AZ,2012,financial administration,7448,33283442,210,403157,20661,7565,7658,33686599
AZ,2012,other government administration,4476,21337588,444,586086,27339,4633,4920,21923674
AZ,2012,judicial and legal,10173,45398998,559,1212628,45570,10431,10732,46611626
AZ,2012,police protection total,19405,102088355,314,526349,26779,19556,19719,102614704
AZ,2012,police protection - officers,13979,78824472,51,93892,4110,14001,14030,78918364
AZ,2012,police protection - other,5426,23263883,263,432457,22669,5555,5689,23696340
AZ,2012,fire protection total,8213,47722470,1419,1133437,84281,8692,9632,48855907
AZ,2012,fire protection - firefighters,7105,42314810,1191,908551,70266,7503,8296,43223361
AZ,2012,fire protection - other,1108,5407660,228,224886,14015,1189,1336,5632546
AZ,2012,corrections,15825,56930519,218,385602,18862,15934,16043,57316121
AZ,2012,highways,6846,28649386,120,228120,11818,6913,6966,28877506
AZ,2012,air transportation,1150,5366014,43,37062,2878,1168,1193,5403076
AZ,2012,water transport and terminals,0,0,0,0,0,0,0,0
AZ,2012,public welfare,6505,22141659,416,690210,36441,6713,6921,22831869
AZ,2012,health,5938,22916396,533,927521,56447,6256,6471,23843917
AZ,2012,hospitals,8635,43445823,1492,4524832,161591,9548,10127,47970655
AZ,2012,social insurance administration,1911,5578605,63,91213,6512,1948,1974,5669818
AZ,2012,solid waste management,2213,8597479,69,90571,8285,2260,2282,8688050
AZ,2012,sewerage,1574,6657900,72,106393,5733,1606,1646,6764293
AZ,2012,parks and recreation,3335,12301020,3402,2860286,231248,4641,6737,15161306
AZ,2012,housing and community development,1419,6386330,228,189517,16041,1509,1647,6575847
AZ,2012,natural resources,2083,8357520,254,360063,22550,2207,2337,8717583
AZ,2012,water transport and terminals,3449,17702599,87,102714,5605,3482,3536,17805313
AZ,2012,electric power,4920,38112140,187,599931,27314,5074,5107,38712071
AZ,2012,gas supply,114,599663,0,0,0,114,114,599663
AZ,2012,transit,689,3125153,95,151396,10718,751,784,3276549
AZ,2012,education total,127573,493697294,73754,78546702,5105453,156673,201327,572243996
AZ,2012,education - elementary and secondary total,95472,318149074,35221,40325230,2603132,110415,130693,358474304
AZ,2012,education - elementary and secondary instructional,63518,234674153,19148,24759021,1333401,71195,82666,259433174
AZ,2012,education - elementary and secondary other,31954,83474921,16073,15566209,1269731,39220,48027,99041130
AZ,2012,education - higher education total,28896,164492949,38241,37807335,2477350,42912,67137,202300284
AZ,2012,education - higher education instructional,8766,67013584,15014,18093127,912407,13935,23780,85106711
AZ,2012,education - higher education other,20130,97479365,23227,19714208,1564943,28977,43357,117193573
AZ,2012,education - other,3205,11055271,292,414137,24971,3346,3497,11469408
AZ,2012,libraries,1312,4996319,1153,1295166,88442,1808,2465,6291485
AZ,2012,liquor stores,0,0,0,0,0,0,0,0
AZ,2012,other and unallocable,6380,26455821,540,710120,38375,6598,6920,27165941
AR,2012,total,158939,544856745,37929,29312276,2210847,171533,196868,574169021
AR,2012,financial administration,4222,13676348,437,318923,26957,4365,4659,13995271
AR,2012,other government administration,2579,8440791,2848,1209619,78663,3010,5427,9650410
AR,2012,judicial and legal,2802,9004870,615,785093,37924,3012,3417,9789963
AR,2012,police protection total,8160,27642748,699,477704,45830,8407,8859,28120452
AR,2012,police protection - officers,6184,22059816,452,285917,26996,6329,6636,22345733
AR,2012,police protection - other,1976,5582932,247,191787,18834,2078,2223,5774719
AR,2012,fire protection total,2654,10749521,1579,369049,39508,2872,4233,11118570
AR,2012,fire protection - firefighters,2579,10498601,1509,363138,38920,2793,4088,10861739
AR,2012,fire protection - other,75,250920,70,5911,588,79,145,256831
AR,2012,corrections,7672,23897090,231,162849,16420,7766,7903,24059939
AR,2012,highways,6873,21641287,262,312340,28106,7025,7135,21953627
AR,2012,air transportation,299,1018455,43,37090,3508,321,342,1055545
AR,2012,water transport and terminals,10,67925,1,426,28,10,11,68351
AR,2012,public welfare,3998,12598818,110,102716,8929,4047,4108,12701534
AR,2012,health,4523,16886846,233,418113,21003,4639,4756,17304959
AR,2012,hospitals,7702,27929800,773,1303072,79897,8153,8475,29232872
AR,2012,social insurance administration,1628,5487795,0,0,0,1628,1628,5487795
AR,2012,solid waste management,1463,3507591,137,94188,10175,1520,1600,3601779
AR,2012,sewerage,1245,4049262,83,65930,6227,1274,1328,4115192
AR,2012,parks and recreation,2019,5142062,699,488244,55225,2326,2718,5630306
AR,2012,housing and community development,995,2973809,212,198530,18581,1098,1207,3172339
AR,2012,natural resources,2049,6981515,490,390940,32393,2229,2539,7372455
AR,2012,water transport and terminals,2328,7724759,223,239337,17393,2423,2551,7964096
AR,2012,electric power,433,1948412,7,10856,777,438,440,1959268
AR,2012,gas supply,7,20606,0,0,0,7,7,20606
AR,2012,transit,306,991807,40,43055,4432,332,346,1034862
AR,2012,education total,90296,316992650,27077,21405940,1575574,99373,117373,338398590
AR,2012,education - elementary and secondary total,67496,212262857,11974,7789555,676355,71489,79470,220052412
AR,2012,education - elementary and secondary instructional,44979,167269514,6701,3821949,324719,46895,51680,171091463
AR,2012,education - elementary and secondary other,22517,44993343,5273,3967606,351636,24594,27790,48960949
AR,2012,education - higher education total,21412,99485551,15083,13578752,897549,26486,36495,113064303
AR,2012,education - higher education instructional,6869,46617347,5403,7142426,313403,8641,12272,53759773
AR,2012,education - higher education other,14543,52868204,9680,6436326,584146,17845,24223,59304530
AR,2012,education - other,1388,5244242,20,37633,1670,1398,1408,5281875
AR,2012,libraries,673,1818177,594,452749,44628,928,1267,2270926
AR,2012,liquor stores,0,0,0,0,0,0,0,0
AR,2012,other and unallocable,4003,13663801,536,425513,58669,4330,4539,14089314
CA,2012,total,1466087,8893530020,649410,1076903592,45575223,1733966,2115497,9970433612
CA,2012,financial administration,48667,265978585,4107,8252845,416136,51024,52774,274231430
CA,2012,other government administration,27494,170785355,4571,8501612,328342,29390,32065,179286967
CA,2012,judicial and legal,41139,301481623,2180,7526636,203827,42295,43319,309008259
CA,2012,police protection total,96549,733352682,6172,10192602,494335,99357,102721,743545284
CA,2012,police protection - officers,69792,585219150,1475,2947110,102941,70370,71267,588166260
CA,2012,police protection - other,26757,148133532,4697,7245492,391394,28987,31454,155379024
CA,2012,fire protection total,31962,313570235,3839,3802741,210167,33129,35801,317372976
CA,2012,fire protection - firefighters,28127,291783857,2927,2710001,162368,29036,31054,294493858
CA,2012,fire protection - other,3835,21786378,912,1092740,47799,4093,4747,22879118
CA,2012,corrections,83152,533132961,3813,12242066,414155,85496,86965,545375027
CA,2012,highways,40393,273922090,2977,7325333,326066,42248,43370,281247423
CA,2012,air transportation,6835,43424726,452,842341,44151,7087,7287,44267067
CA,2012,water transport and terminals,2214,15980310,195,322421,16470,2307,2409,16302731
CA,2012,public welfare,69687,325168882,3441,6081347,303265,71414,73128,331250229
CA,2012,health,53159,315602721,5967,17380465,528665,56153,59126,332983186
CA,2012,hospitals,86779,582192577,33989,174256390,3981913,109432,120768,756448967
CA,2012,social insurance administration,14767,71617118,1751,4385511,192598,15855,16518,76002629
CA,2012,solid waste management,9011,49741879,723,1453832,82535,9479,9734,51195711
CA,2012,sewerage,11600,76054166,572,970785,37842,11808,12172,77024951
CA,2012,parks and recreation,19929,102487561,32217,33640786,2343608,33250,52146,136128347
CA,2012,housing and community development,11670,70385076,1047,1855991,92206,12193,12717,72241067
CA,2012,natural resources,20591,114516305,3911,6822829,442875,23087,24502,121339134
CA,2012,water transport and terminals,23664,170194804,1477,2409829,101818,24241,25141,172604633
CA,2012,electric power,11828,105336704,352,1039789,41391,12062,12180,106376493
CA,2012,gas supply,230,1387035,7,13148,813,235,237,1400183
CA,2012,transit,30990,170573978,2599,6109668,325133,32824,33589,176683646
CA,2012,education total,666143,3757502960,515847,736280663,33329410,864492,1181990,4493783623
CA,2012,education - elementary and secondary total,502463,2695282688,311873,432827608,21848241,635820,814336,3128110296
CA,2012,education - elementary and secondary instructional,345068,2121859059,156160,246766300,10366722,407142,501228,2368625359
CA,2012,education - elementary and secondary other,157395,573423629,155713,186061308,11481519,228678,313108,759484937
CA,2012,education - higher education total,159730,1042289427,203351,302273823,11427576,224420,363081,1344563250
CA,2012,education - higher education instructional,43894,384296783,75461,142135974,3480722,63614,119355,526432757
CA,2012,education - higher education other,115836,657992644,127890,160137849,7946854,160806,243726,818130493
CA,2012,education - other,3950,19930845,623,1179232,53593,4252,4573,21110077
CA,2012,libraries,7413,37562491,8598,11078504,669111,11215,16011,48640995
CA,2012,liquor stores,0,0,0,0,0,0,0,0
CA,2012,other and unallocable,50221,291577196,8606,14115458,648391,53893,58827,305692654
CO,2012,total,228652,1021887620,108369,156704186,7707139,272477,337021,1178591806
CO,2012,financial administration,6229,31048828,411,824683,37823,6445,6640,31873511
CO,2012,other government administration,4494,20843457,1586,1638694,83280,4958,6080,22482151
CO,2012,judicial and legal,6560,34072009,939,2230828,82975,7020,7499,36302837
CO,2012,police protection total,14571,81648454,663,922397,48747,14841,15234,82570851
CO,2012,police protection - officers,10423,63537405,132,182651,8785,10468,10555,63720056
CO,2012,police protection - other,4148,18111049,531,739746,39962,4373,4679,18850795
CO,2012,fire protection total,6193,38697108,1265,857908,60397,6529,7458,39555016
CO,2012,fire protection - firefighters,5566,35237394,1020,630812,46859,5828,6586,35868206
CO,2012,fire protection - other,627,3459714,245,227096,13538,701,872,3686810
CO,2012,corrections,10815,46904518,203,445632,20197,10930,11018,47350150
CO,2012,highways,7836,33975813,359,787370,40626,8063,8195,34763183
CO,2012,air transportation,1363,6605178,97,129521,8306,1409,1460,6734699
CO,2012,water transport and terminals,0,0,0,0,0,0,0,0
CO,2012,public welfare,8013,31329836,1022,2033821,103736,8602,9035,33363657
CO,2012,health,4780,23013922,1785,4653392,168935,5742,6565,27667314
CO,2012,hospitals,12631,57844562,3924,14152456,449730,15185,16555,71997018
CO,2012,social insurance administration,869,4103060,210,548844,22546,996,1079,4651904
CO,2012,solid waste management,608,2306182,103,144327,9543,663,711,2450509
CO,2012,sewerage,2339,11392353,316,250872,12193,2393,2655,11643225
CO,2012,parks and recreation,5370,22764413,8941,6470950,531937,8382,14311,29235363
CO,2012,housing and community development,1994,9169319,355,558961,29712,2161,2349,9728280
CO,2012,natural resources,1607,8005572,503,779918,37957,1819,2110,8785490
CO,2012,water transport and terminals,4298,22322312,567,538485,25080,4431,4865,22860797
CO,2012,electric power,1486,10884061,42,127532,5752,1519,1528,11011593
CO,2012,gas supply,269,1627759,0,0,0,269,269,1627759
CO,2012,transit,3070,15303084,546,992642,60691,3412,3616,16295726
CO,2012,education total,114352,469861035,81068,113636051,5604264,146318,195420,583497086
CO,2012,education - elementary and secondary total,88933,325032029,36891,43703242,2641334,104156,125824,368735271
CO,2012,education - elementary and secondary instructional,62352,249700074,21102,28281451,1592599,71530,83454,277981525
CO,2012,education - elementary and secondary other,26581,75331955,15789,15421791,1048735,32626,42370,90753746
CO,2012,education - higher education total,24419,139832192,43021,68309634,2896020,40784,67440,208141826
CO,2012,education - higher education instructional,8981,69990799,16136,38373143,1420811,17009,25117,108363942
CO,2012,education - higher education other,15438,69841393,26885,29936491,1475209,23775,42323,99777884
CO,2012,education - other,1000,4996814,1156,1623175,66910,1378,2156,6619989
CO,2012,libraries,1794,6651860,2232,2607396,181484,2829,4026,9259256
CO,2012,liquor stores,0,0,0,0,0,0,0,0
CO,2012,other and unallocable,7111,31512925,1232,1371506,81228,7561,8343,32884431
CT,2012,total,161230,892997412,63583,88848468,4091118,185660,224813,981845880
CT,2012,financial administration,4218,22154929,633,1048975,43893,4484,4851,23203904
CT,2012,other government administration,3097,15928193,1104,1775031,71290,3522,4201,17703224
CT,2012,judicial and legal,5979,33334886,410,1107624,18463,6084,6389,34442510
CT,2012,police protection total,9450,64383001,1444,1217157,72771,9871,10894,65600158
CT,2012,police protection - officers,7665,55695560,253,229805,12110,7734,7918,55925365
CT,2012,police protection - other,1785,8687441,1191,987352,60661,2137,2976,9674793
CT,2012,fire protection total,4340,27259293,987,664968,35596,4540,5327,27924261
CT,2012,fire protection - firefighters,4048,25851427,780,459314,25165,4193,4828,26310741
CT,2012,fire protection - other,292,1407866,207,205654,10431,347,499,1613520
CT,2012,corrections,5718,34086373,82,339586,8195,5765,5800,34425959
CT,2012,highways,6198,29628535,314,343488,20175,6318,6512,29972023
CT,2012,air transportation,171,924667,0,0,0,171,171,924667
CT,2012,water transport and terminals,3,14546,2,5007,205,5,5,19553
CT,2012,public welfare,6287,33558119,1557,3019945,142759,7126,7844,36578064
CT,2012,health,4736,25013610,1119,2760570,87806,5234,5855,27774180
CT,2012,hospitals,5099,31506874,1890,7815813,239088,6456,6989,39322687
CT,2012,social insurance administration,687,3891062,3,9167,354,689,690,3900229
CT,2012,solid waste management,1100,5828207,189,211806,15337,1192,1289,6040013
CT,2012,sewerage,993,5790092,40,73482,3642,1015,1033,5863574
CT,2012,parks and recreation,1429,6672603,2746,1752822,123579,2161,4175,8425425
CT,2012,housing and community development,1368,6509158,426,517090,30463,1546,1794,7026248
CT,2012,natural resources,703,3796077,121,222275,8443,751,824,4018352
CT,2012,water transport and terminals,906,5092659,23,38013,1579,916,929,5130672
CT,2012,electric power,321,2191523,5,13141,685,325,326,2204664
CT,2012,gas supply,37,248507,0,0,0,37,37,248507
CT,2012,transit,584,2607625,195,269831,17020,681,779,2877456
CT,2012,education total,92794,505935851,47134,62416153,2962446,110654,139928,568352004
CT,2012,education - elementary and secondary total,78447,413064449,25858,35762561,1867280,89649,104305,448827010
CT,2012,education - elementary and secondary instructional,60791,348587798,14483,22135653,1045531,67082,75274,370723451
CT,2012,education - elementary and secondary other,17656,64476651,11375,13626908,821749,22567,29031,78103559
CT,2012,education - higher education total,12118,80316670,20258,24275621,1008203,18284,32376,104592291
CT,2012,education - higher education instructional,4513,36242738,7930,14679149,441859,7235,12443,50921887
CT,2012,education - higher education other,7605,44073932,12328,9596472,566344,11049,19933,53670404
CT,2012,education - other,2229,12554732,1018,2377971,86963,2721,3247,14932703
CT,2012,libraries,1093,4898972,1593,1452103,97722,1678,2686,6351075
CT,2012,liquor stores,0,0,0,0,0,0,0,0
CT,2012,other and unallocable,3919,21742050,1566,1774421,89607,4439,5485,23516471
DE,2012,total,43305,194871660,13604,17791524,992132,49263,56909,212663184
DE,2012,financial administration,1277,4781296,36,31343,1980,1289,1313,4812639
DE,2012,other government administration,976,4452447,247,214169,11152,1041,1223,4666616
DE,2012,judicial and legal,1836,8484681,73,137889,6546,1874,1909,8622570
DE,2012,police protection total,2352,14052172,188,259551,20397,2469,2540,14311723
DE,2012,police protection - officers,1878,12105888,15,16419,1180,1885,1893,12122307
DE,2012,police protection - other,474,1946284,173,243132,19217,584,647,2189416
DE,2012,fire protection total,186,895770,1,817,66,186,187,896587
DE,2012,fire protection - firefighters,175,846484,0,0,0,175,175,846484
DE,2012,fire protection - other,11,49286,1,817,66,11,12,50103
DE,2012,corrections,2855,11305756,40,56028,3910,2879,2895,11361784
DE,2012,highways,1982,6727008,71,51760,4716,2008,2053,6778768
DE,2012,air transportation,33,114978,8,8395,701,37,41,123373
DE,2012,water transport and terminals,409,1643879,135,74420,7135,449,544,1718299
DE,2012,public welfare,1562,5355330,74,129440,7516,1607,1636,5484770
DE,2012,health,2309,9231820,151,301220,15644,2402,2460,9533040
DE,2012,hospitals,1463,5043409,96,113852,7929,1512,1559,5157261
DE,2012,social insurance administration,321,1067345,18,28321,1317,329,339,1095666
DE,2012,solid waste management,225,910199,23,36356,2868,242,248,946555
DE,2012,sewerage,435,1912019,3,5266,408,438,438,1917285
DE,2012,parks and recreation,493,1519377,167,134302,10483,555,660,1653679
DE,2012,housing and community development,240,1023125,9,18317,891,244,249,1041442
DE,2012,natural resources,484,1883042,102,116880,7998,533,586,1999922
DE,2012,water transport and terminals,170,616105,4,2555,231,172,174,618660
DE,2012,electric power,128,699007,0,0,0,128,128,699007
DE,2012,gas supply,0,0,0,0,0,0,0,0
DE,2012,transit,848,3454005,4,10529,523,851,852,3464534
DE,2012,education total,20468,100834977,11542,15531851,838074,25520,32010,116366828
DE,2012,education - elementary and secondary total,14521,67770722,3914,5147268,365737,16726,18435,72917990
DE,2012,education - elementary and secondary instructional,11076,53246825,1334,1911150,106029,11717,12410,55157975
DE,2012,education - elementary and secondary other,3445,14523897,2580,3236118,259708,5009,6025,17760015
DE,2012,education - higher education total,5604,31056491,7602,10339982,470131,8437,13206,41396473
DE,2012,education - higher education instructional,1518,12225925,3519,6245005,211057,2790,5037,18470930
DE,2012,education - higher education other,4086,18830566,4083,4094977,259074,5647,8169,22925543
DE,2012,education - other,343,2007764,26,44601,2206,357,369,2052365
DE,2012,libraries,163,609119,325,246137,23737,302,488,855256
DE,2012,liquor stores,0,0,0,0,0,0,0,0
DE,2012,other and unallocable,2090,8254794,287,282126,17910,2196,2377,8536920
DC,2012,total,41843,264677663,3363,7977009,448546,44377,45206,272654672
DC,2012,financial administration,1785,12755143,0,0,0,1785,1785,12755143
DC,2012,other government administration,1220,7405225,29,61347,2965,1237,1249,7466572
DC,2012,judicial and legal,2108,17675527,31,139099,3417,2127,2139,17814626
DC,2012,police protection total,4386,30650796,0,0,0,4386,4386,30650796
DC,2012,police protection - officers,3797,27256112,0,0,0,3797,3797,27256112
DC,2012,police protection - other,589,3394684,0,0,0,589,589,3394684
DC,2012,fire protection total,1853,11326304,0,0,0,1853,1853,11326304
DC,2012,fire protection - firefighters,1759,10674990,0,0,0,1759,1759,10674990
DC,2012,fire protection - other,94,651314,0,0,0,94,94,651314
DC,2012,corrections,1269,6922083,2,8616,332,1271,1271,6930699
DC,2012,highways,718,4087421,175,229584,17482,817,893,4317005
DC,2012,air transportation,0,0,0,0,0,0,0,0
DC,2012,water transport and terminals,0,0,0,0,0,0,0,0
DC,2012,public welfare,1965,11637637,11,23841,1256,1972,1976,11661478
DC,2012,health,711,4331174,10,28378,1116,717,721,4359552
DC,2012,hospitals,1391,8564153,22,117297,2617,1406,1413,8681450
DC,2012,social insurance administration,462,2519625,0,0,0,462,462,2519625
DC,2012,solid waste management,1276,5764926,0,0,0,1276,1276,5764926
DC,2012,sewerage,679,4334387,0,0,0,679,679,4334387
DC,2012,parks and recreation,599,2781661,106,169415,11273,663,705,2951076
DC,2012,housing and community development,941,5485029,6,14805,806,946,947,5499834
DC,2012,natural resources,43,272977,0,0,0,43,43,272977
DC,2012,water transport and terminals,398,2536803,0,0,0,398,398,2536803
DC,2012,electric power,0,0,0,0,0,0,0,0
DC,2012,gas supply,0,0,0,0,0,0,0,0
DC,2012,transit,10355,68590788,138,368723,11747,10421,10493,68959511
DC,2012,education total,7585,45321518,1453,2738813,157612,8475,9038,48060331
DC,2012,education - elementary and secondary total,6855,41127106,1048,2399617,141300,7653,7903,43526723
DC,2012,education - elementary and secondary instructional,5873,36813175,916,2184415,130957,6613,6789,38997590
DC,2012,education - elementary and secondary other,982,4313931,132,215202,10343,1040,1114,4529133
DC,2012,education - higher education total,730,4194412,405,339196,16312,822,1135,4533608
DC,2012,education - higher education instructional,252,1645482,357,201682,10162,309,609,1847164
DC,2012,education - higher education other,478,2548930,48,137514,6150,513,526,2686444
DC,2012,education - other,0,0,0,0,0,0,0,0
DC,2012,libraries,382,1921872,28,71165,3401,401,410,1993037
DC,2012,liquor stores,0,0,0,0,0,0,0,0
DC,2012,other and unallocable,1717,9792614,1352,4005926,234522,3042,3069,13798540
FL,2012,total,804128,3197134131,177372,198509810,12786029,876838,981500,3395643941
FL,2012,financial administration,22661,96343215,761,1072806,69820,23061,23422,97416021
FL,2012,other government administration,12577,57609214,1580,1728202,95473,13125,14157,59337416
FL,2012,judicial and legal,30578,123554777,1305,2258420,128833,31308,31883,125813197
FL,2012,police protection total,60479,305996909,6074,5762379,416997,62838,66553,311759288
FL,2012,police protection - officers,40342,228244498,928,1175256,61031,40683,41270,229419754
FL,2012,police protection - other,20137,77752411,5146,4587123,355966,22155,25283,82339534
FL,2012,fire protection total,28094,165384025,1187,1187345,77821,28535,29281,166571370
FL,2012,fire protection - firefighters,25411,151805633,863,705834,50143,25693,26274,152511467
FL,2012,fire protection - other,2683,13578392,324,481511,27678,2842,3007,14059903
FL,2012,corrections,42339,154986904,379,509789,24899,42481,42718,155496693
FL,2012,highways,19583,75495107,288,399079,29849,19756,19871,75894186
FL,2012,air transportation,4230,20370411,215,341258,25811,4382,4445,20711669
FL,2012,water transport and terminals,1223,6209053,204,310228,23047,1352,1427,6519281
FL,2012,public welfare,13526,43453678,1145,1106264,99190,14086,14671,44559942
FL,2012,health,23960,81798348,1681,3085122,170052,24921,25641,84883470
FL,2012,hospitals,47516,241695371,9632,30610927,1181630,54402,57148,272306298
FL,2012,social insurance administration,2548,8504064,6,10664,560,2551,2554,8514728
FL,2012,solid waste management,7092,26289720,208,227036,20432,7208,7300,26516756
FL,2012,sewerage,9150,39497648,221,300511,21701,9271,9371,39798159
FL,2012,parks and recreation,13758,46352973,9709,9616001,811145,18357,23467,55968974
FL,2012,housing and community development,4865,19633887,427,524161,38967,5087,5292,20158048
FL,2012,natural resources,13113,51472662,934,1074169,76838,13548,14047,52546831
FL,2012,water transport and terminals,12158,52693932,218,310054,20041,12272,12376,53003986
FL,2012,electric power,4934,28832388,139,304654,16842,5028,5073,29137042
FL,2012,gas supply,557,2132457,7,11344,684,560,564,2143801
FL,2012,transit,8281,35834339,621,1143785,78790,8727,8902,36978124
FL,2012,education total,392976,1404730795,135591,131857339,8990625,443984,528567,1536588134
FL,2012,education - elementary and secondary total,323977,1046698097,66615,51488068,4890263,351607,390592,1098186165
FL,2012,education - elementary and secondary instructional,231167,830447208,45306,40457501,3650317,251790,276473,870904709
FL,2012,education - elementary and secondary other,92810,216250889,21309,11030567,1239946,99817,114119,227281456
FL,2012,education - higher education total,66075,348004271,68694,80144812,4086545,89374,134769,428149083
FL,2012,education - higher education instructional,19702,164319226,29136,47430996,1770283,29783,48838,211750222
FL,2012,education - higher education other,46373,183685045,39558,32713816,2316262,59591,85931,216398861
FL,2012,education - other,2924,10028427,282,224459,13817,3003,3206,10252886
FL,2012,libraries,4923,16710937,1890,2019146,169636,5885,6813,18730083
FL,2012,liquor stores,0,0,0,0,0,0,0,0
FL,2012,other and unallocable,23007,91551317,2950,2739127,196346,24113,25957,94290444
GA,2012,total,479786,1720237771,109967,106773389,7060546,519894,589753,1827011160
GA,2012,financial administration,10607,39632362,819,838151,50528,10895,11426,40470513
GA,2012,other government administration,5870,22368753,3041,1806639,101402,6432,8911,24175392
GA,2012,judicial and legal,13054,52593901,2190,2376353,134184,13802,15244,54970254
GA,2012,police protection total,27661,100422276,1613,1669832,126664,28371,29274,102092108
GA,2012,police protection - officers,21983,82746078,804,847121,58940,22311,22787,83593199
GA,2012,police protection - other,5678,17676198,809,822711,67724,6060,6487,18498909
GA,2012,fire protection total,11953,46062788,1798,1294445,106364,12557,13751,47357233
GA,2012,fire protection - firefighters,11333,43660930,1679,1218767,101564,11910,13012,44879697
GA,2012,fire protection - other,620,2401858,119,75678,4800,647,739,2477536
GA,2012,corrections,26925,76435262,711,1323573,68561,27313,27636,77758835
GA,2012,highways,12345,37220053,390,471875,34116,12542,12735,37691928
GA,2012,air transportation,925,3923147,96,107604,8687,975,1021,4030751
GA,2012,water transport and terminals,992,6282998,0,0,0,992,992,6282998
GA,2012,public welfare,7768,23974287,943,1358118,106955,8373,8711,25332405
GA,2012,health,11482,37447250,2351,3003514,210975,12674,13833,40450764
GA,2012,hospitals,24362,93871764,4221,7613805,377149,26542,28583,101485569
GA,2012,social insurance administration,1837,5413022,55,61370,4040,1860,1892,5474392
GA,2012,solid waste management,3921,10754905,701,559089,67387,4304,4622,11313994
GA,2012,sewerage,4169,14908726,51,55049,4284,4192,4220,14963775
GA,2012,parks and recreation,6163,19247764,4686,4138372,420854,8542,10849,23386136
GA,2012,housing and community development,2688,9634002,225,248318,19341,2800,2913,9882320
GA,2012,natural resources,4768,16480252,1395,1474039,106750,5371,6163,17954291
GA,2012,water transport and terminals,6355,22195395,261,283260,19689,6463,6616,22478655
GA,2012,electric power,993,3949753,16,22444,1151,998,1009,3972197
GA,2012,gas supply,567,1823334,5,5511,421,569,572,1828845
GA,2012,transit,4876,19641055,417,490556,42891,5119,5293,20131611
GA,2012,education total,278400,1018550441,79831,74471885,4780922,305581,358231,1093022326
GA,2012,education - elementary and secondary total,228587,781868772,36232,32637194,2223003,241300,264819,814505966
GA,2012,education - elementary and secondary instructional,155379,626182176,22798,19537453,1167721,162027,178177,645719629
GA,2012,education - elementary and secondary other,73208,155686596,13434,13099741,1055282,79273,86642,168786337
GA,2012,education - higher education total,47033,223832666,43407,41495664,2541596,61408,90440,265328330
GA,2012,education - higher education instructional,14193,89896639,16665,22665456,968278,19671,30858,112562095
GA,2012,education - higher education other,32840,133936027,26742,18830208,1573318,41737,59582,152766235
GA,2012,education - other,2780,12849003,192,339027,16323,2873,2972,13188030
GA,2012,libraries,1924,6131917,1163,937284,95223,2466,3087,7069201
GA,2012,liquor stores,0,0,0,0,0,0,0,0
GA,2012,other and unallocable,9181,31272364,2988,2162303,172008,10161,12169,33434667
HI,2012,total,66802,292588978,21525,20320984,989842,72622,88327,312909962
HI,2012,financial administration,1609,6372406,9,20318,776,1613,1618,6392724
HI,2012,other government administration,1741,7615065,223,356783,14468,1823,1964,7971848
HI,2012,judicial and legal,3007,13459217,65,145880,4139,3029,3072,13605097
HI,2012,police protection total,3711,23812140,148,64710,5014,3740,3859,23876850
HI,2012,police protection - officers,2898,20755150,0,0,0,2898,2898,20755150
HI,2012,police protection - other,813,3056990,148,64710,5014,842,961,3121700
HI,2012,fire protection total,1910,12063014,17,41668,1912,1921,1927,12104682
HI,2012,fire protection - firefighters,1777,11570204,0,0,0,1777,1777,11570204
HI,2012,fire protection - other,133,492810,17,41668,1912,144,150,534478
HI,2012,corrections,2260,9739471,11,45428,817,2264,2271,9784899
HI,2012,highways,1791,7318056,27,28734,1992,1803,1818,7346790
HI,2012,air transportation,939,3778726,10,15922,760,943,949,3794648
HI,2012,water transport and terminals,197,779022,0,0,0,197,197,779022
HI,2012,public welfare,530,2123714,131,90464,8352,577,661,2214178
HI,2012,health,2170,10158156,83,166752,6398,2206,2253,10324908
HI,2012,hospitals,4198,20181817,685,2123937,60281,4539,4883,22305754
HI,2012,social insurance administration,284,1058550,21,37462,1670,293,305,1096012
HI,2012,solid waste management,614,2887586,0,0,0,614,614,2887586
HI,2012,sewerage,714,3257120,1,638,84,715,715,3257758
HI,2012,parks and recreation,1789,6062428,1301,553018,42150,2038,3090,6615446
HI,2012,housing and community development,270,1062088,9,10002,780,275,279,1072090
HI,2012,natural resources,932,3799863,85,140022,8471,982,1017,3939885
HI,2012,water transport and terminals,949,4873825,2,7634,266,951,951,4881459
HI,2012,electric power,0,0,0,0,0,0,0,0
HI,2012,gas supply,0,0,0,0,0,0,0,0
HI,2012,transit,71,275366,26,40376,3654,92,97,315742
HI,2012,education total,32268,132121308,18364,16113322,803748,37025,50632,148234630
HI,2012,education - elementary and secondary total,22238,85904406,12919,11787620,577446,25717,35157,97692026
HI,2012,education - elementary and secondary instructional,17049,71310940,11297,10645484,511404,20130,28346,81956424
HI,2012,education - elementary and secondary other,5189,14593466,1622,1142136,66042,5587,6811,15735602
HI,2012,education - higher education total,9918,45775098,5443,4320946,226142,11195,15361,50096044
HI,2012,education - higher education instructional,4174,26075066,721,885788,29288,4339,4895,26960854
HI,2012,education - higher education other,5744,19700032,4722,3435158,196854,6856,10466,23135190
HI,2012,education - other,112,441804,2,4756,160,113,114,446560
HI,2012,libraries,468,1607666,221,220366,17456,566,689,1828032
HI,2012,liquor stores,0,0,0,0,0,0,0,0
HI,2012,other and unallocable,4380,18182374,86,97548,6654,4416,4466,18279922
ID,2012,total,69011,251120565,31230,26371900,1741807,78951,100241,277492465
ID,2012,financial administration,2573,9978021,309,410518,31832,2748,2882,10388539
ID,2012,other government administration,1194,4504025,1096,716083,40724,1416,2290,5220108
ID,2012,judicial and legal,1905,8985130,192,326183,13727,1979,2097,9311313
ID,2012,police protection total,3945,16956153,261,233376,15764,4027,4206,17189529
ID,2012,police protection - officers,2770,13094575,89,90717,5303,2798,2859,13185292
ID,2012,police protection - other,1175,3861578,172,142659,10461,1229,1347,4004237
ID,2012,fire protection total,1244,6714580,1321,420060,27673,1396,2565,7134640
ID,2012,fire protection - firefighters,1161,6278189,1118,358598,23042,1291,2279,6636787
ID,2012,fire protection - other,83,436391,203,61462,4631,105,286,497853
ID,2012,corrections,3557,13020236,251,265745,20267,3674,3808,13285981
ID,2012,highways,3193,11508698,300,274051,21471,3311,3493,11782749
ID,2012,air transportation,136,450328,20,16328,1429,144,156,466656
ID,2012,water transport and terminals,6,27814,1,1610,31,6,7,29424
ID,2012,public welfare,1765,6438754,141,177662,10688,1825,1906,6616416
ID,2012,health,2372,9748705,667,1089343,50849,2659,3039,10838048
ID,2012,hospitals,3510,14744063,1276,3272219,146937,4344,4786,18016282
ID,2012,social insurance administration,519,2426474,165,471286,23078,649,684,2897760
ID,2012,solid waste management,451,1337800,69,56921,4728,478,520,1394721
ID,2012,sewerage,658,2491738,193,127035,7590,697,851,2618773
ID,2012,parks and recreation,725,2564713,929,553429,51856,1020,1654,3118142
ID,2012,housing and community development,205,730502,34,48445,2691,221,239,778947
ID,2012,natural resources,1883,8113606,874,1064905,69138,2279,2757,9178511
ID,2012,water transport and terminals,496,1831004,167,78424,5223,519,663,1909428
ID,2012,electric power,98,577647,1,849,25,98,99,578496
ID,2012,gas supply,0,0,0,0,0,0,0,0
ID,2012,transit,79,221502,46,50417,4106,102,125,271919
ID,2012,education total,36069,118359804,21426,15509898,1092267,42377,57495,133869702
ID,2012,education - elementary and secondary total,28217,83279457,11723,7211161,623271,31865,39940,90490618
ID,2012,education - elementary and secondary instructional,20487,68857306,6879,4301913,344376,22505,27366,73159219
ID,2012,education - elementary and secondary other,7730,14422151,4844,2909248,278895,9360,12574,17331399
ID,2012,education - higher education total,7517,33389413,9673,8256477,467184,10168,17190,41645890
ID,2012,education - higher education instructional,2620,14900293,3258,4347123,151390,3481,5878,19247416
ID,2012,education - higher education other,4897,18489120,6415,3909354,315794,6687,11312,22398474
ID,2012,education - other,335,1690934,30,42260,1812,344,365,1733194
ID,2012,libraries,400,1226377,763,629451,55573,715,1163,1855828
ID,2012,liquor stores,161,541938,166,148415,13607,238,327,690353
ID,2012,other and unallocable,1867,7620953,562,429247,30533,2029,2429,8050200
IL,2012,total,552333,2726428109,232784,260073390,14896809,640322,785117,2986501499
IL,2012,financial administration,11656,57545850,2948,2927578,173023,12584,14604,60473428
IL,2012,other government administration,9254,45954938,18449,6658606,342030,11046,27703,52613544
IL,2012,judicial and legal,15211,80720898,827,1059480,56131,15535,16038,81780378
IL,2012,police protection total,39200,246728617,7092,6947205,448478,41732,46292,253675822
IL,2012,police protection - officers,32142,213782564,2826,2507011,177358,33135,34968,216289575
IL,2012,police protection - other,7058,32946053,4266,4440194,271120,8597,11324,37386247
IL,2012,fire protection total,15142,104674280,12339,6401878,439844,17611,27481,111076158
IL,2012,fire protection - firefighters,12906,88210761,11213,5907288,411237,15225,24119,94118049
IL,2012,fire protection - other,2236,16463519,1126,494590,28607,2386,3362,16958109
IL,2012,corrections,21275,111337553,277,318782,23617,21410,21552,111656335
IL,2012,highways,15477,80421011,4115,6934272,336351,17408,19592,87355283
IL,2012,air transportation,1815,10105821,202,177824,13242,1886,2017,10283645
IL,2012,water transport and terminals,113,626755,17,16129,1303,120,130,642884
IL,2012,public welfare,14005,67517741,1551,1942390,123235,14722,15556,69460131
IL,2012,health,8045,38557664,1586,1782863,93936,8599,9631,40340527
IL,2012,hospitals,20704,112618302,2220,4753673,213944,21966,22924,117371975
IL,2012,social insurance administration,2015,11491954,238,933310,34750,2224,2253,12425264
IL,2012,solid waste management,2958,16687755,107,111452,9691,3010,3065,16799207
IL,2012,sewerage,4959,29403230,477,391154,26749,5101,5436,29794384
IL,2012,parks and recreation,9638,43015914,24113,18480128,1472558,18026,33751,61496042
IL,2012,housing and community development,3275,15181525,380,497675,33527,3474,3655,15679200
IL,2012,natural resources,3600,17296127,1993,3448926,221868,4926,5593,20745053
IL,2012,water transport and terminals,5325,30206092,1039,813357,56486,5618,6364,31019449
IL,2012,electric power,1137,7710788,37,51847,2410,1151,1174,7762635
IL,2012,gas supply,122,447769,21,19654,1606,131,143,467423
IL,2012,transit,13901,75370577,1373,3848633,183403,14941,15274,79219210
IL,2012,education total,313946,1428028643,140161,180173600,9760353,372756,454107,1608202243
IL,2012,education - elementary and secondary total,257828,1132986170,63017,68750753,4174446,283380,320845,1201736923
IL,2012,education - elementary and secondary instructional,188919,921072348,32817,38791847,2097739,201839,221736,959864195
IL,2012,education - elementary and secondary other,68909,211913822,30200,29958906,2076707,81541,99109,241872728
IL,2012,education - higher education total,54286,285509293,77128,111360642,5584300,87535,131414,396869935
IL,2012,education - higher education instructional,18576,125073890,34470,59482127,2198475,31627,53046,184556017
IL,2012,education - higher education other,35710,160435403,42658,51878515,3385825,55908,78368,212313918
IL,2012,education - other,1832,9533180,16,62205,1607,1841,1848,9595385
IL,2012,libraries,5481,21864427,8567,8906542,672302,9402,14048,30770969
IL,2012,liquor stores,0,0,0,0,0,0,0,0
IL,2012,other and unallocable,14079,72913878,2655,2476432,155972,14943,16734,75390310
IN,2012,total,280029,1056556062,114507,116604743,7782619,325268,394536,1173160805
IN,2012,financial administration,5563,18999316,1828,1391020,111186,6178,7391,20390336
IN,2012,other government administration,5283,14988161,6604,3096248,187322,6280,11887,18084409
IN,2012,judicial and legal,6963,27370012,1051,1279400,83196,7441,8014,28649412
IN,2012,police protection total,15017,60581962,1913,1400774,105806,15622,16930,61982736
IN,2012,police protection - officers,11592,50118142,570,445031,31387,11770,12162,50563173
IN,2012,police protection - other,3425,10463820,1343,955743,74419,3852,4768,11419563
IN,2012,fire protection total,7317,32727085,2379,945331,77533,7757,9696,33672416
IN,2012,fire protection - firefighters,7063,31866378,2270,877848,72273,7474,9333,32744226
IN,2012,fire protection - other,254,860707,109,67483,5260,283,363,928190
IN,2012,corrections,12061,36795426,796,771114,63163,12439,12857,37566540
IN,2012,highways,9048,29922526,507,658005,47211,9321,9555,30580531
IN,2012,air transportation,256,1110582,74,70537,5468,289,330,1181119
IN,2012,water transport and terminals,31,154402,0,0,0,31,31,154402
IN,2012,public welfare,5390,17290901,291,291016,23289,5526,5681,17581917
IN,2012,health,4428,15656066,893,926029,60841,4793,5321,16582095
IN,2012,hospitals,20279,87245288,7516,19059742,806765,24918,27795,106305030
IN,2012,social insurance administration,1225,3819624,169,209133,18410,1336,1394,4028757
IN,2012,solid waste management,1168,3590529,349,336618,29451,1335,1517,3927147
IN,2012,sewerage,2826,10415757,373,275463,18554,2922,3199,10691220
IN,2012,parks and recreation,2296,7705047,3044,2581662,226659,3584,5340,10286709
IN,2012,housing and community development,1316,4337149,212,219250,15026,1402,1528,4556399
IN,2012,natural resources,2503,8813495,567,440429,34456,2707,3070,9253924
IN,2012,water transport and terminals,1951,6924889,259,217936,16374,2037,2210,7142825
IN,2012,electric power,873,4027177,59,54379,3683,895,932,4081556
IN,2012,gas supply,1134,6023436,85,288310,6208,1169,1219,6311746
IN,2012,transit,1335,5373293,175,267521,19169,1446,1510,5640814
IN,2012,education total,163612,626206813,80193,77579337,5437950,195436,243805,703786150
IN,2012,education - elementary and secondary total,118487,420783569,39956,43619794,3116110,137130,158443,464403363
IN,2012,education - elementary and secondary instructional,80638,330717765,18857,20379236,1395688,88999,99495,351097001
IN,2012,education - elementary and secondary other,37849,90065804,21099,23240558,1720422,48131,58948,113306362
IN,2012,education - higher education total,44158,201741679,40133,33889797,2316354,57307,84291,235631476
IN,2012,education - higher education instructional,19147,108000132,12922,18452189,893734,24208,32069,126452321
IN,2012,education - higher education other,25011,93741547,27211,15437608,1422620,33099,52222,109179155
IN,2012,education - other,967,3681565,104,69746,5486,999,1071,3751311
IN,2012,libraries,3076,9219858,3691,3109850,283548,4740,6767,12329708
IN,2012,liquor stores,0,0,0,0,0,0,0,0
IN,2012,other and unallocable,5078,17257268,1479,1135639,101351,5664,6557,18392907
IA,2012,total,148841,663022357,85240,78366270,5035471,177515,234081,741388627
IA,2012,financial administration,3640,15385187,710,539773,34701,3814,4350,15924960
IA,2012,other government administration,2266,9325439,5083,1946036,108834,2841,7349,11271475
IA,2012,judicial and legal,2918,15526717,252,530169,24178,3056,3170,16056886
IA,2012,police protection total,6785,32364490,965,834089,52480,7066,7750,33198579
IA,2012,police protection - officers,5233,26361329,371,271505,18249,5319,5604,26632834
IA,2012,police protection - other,1552,6003161,594,562584,34231,1747,2146,6565745
IA,2012,fire protection total,1794,9532049,1966,475032,37121,1994,3760,10007081
IA,2012,fire protection - firefighters,1718,9151802,1876,432404,34468,1904,3594,9584206
IA,2012,fire protection - other,76,380247,90,42628,2653,90,166,422875
IA,2012,corrections,4308,19258933,491,984047,48756,4585,4799,20242980
IA,2012,highways,7610,32276736,363,282487,20941,7718,7973,32559223
IA,2012,air transportation,129,605014,44,38917,3217,147,173,643931
IA,2012,water transport and terminals,0,0,0,0,0,0,0,0
IA,2012,public welfare,3562,15534752,592,659576,45360,3825,4154,16194328
IA,2012,health,2076,8416738,995,1028398,66974,2457,3071,9445136
IA,2012,hospitals,15382,78735980,7176,9627048,473628,18081,22558,88363028
IA,2012,social insurance administration,723,3485819,3,7938,392,725,726,3493757
IA,2012,solid waste management,815,3246429,269,222242,18552,918,1084,3468671
IA,2012,sewerage,1162,4828728,302,164525,11702,1209,1464,4993253
IA,2012,parks and recreation,1415,5828627,2360,1268090,118663,2073,3775,7096717
IA,2012,housing and community development,409,1843821,83,105109,7186,449,492,1948930
IA,2012,natural resources,1663,8695234,336,350797,25586,1808,1999,9046031
IA,2012,water transport and terminals,1494,6404085,400,260083,19133,1581,1894,6664168
IA,2012,electric power,797,4051679,23,26636,1588,804,820,4078315
IA,2012,gas supply,80,387202,2,1365,120,80,82,388567
IA,2012,transit,493,1947006,546,837143,59670,831,1039,2784149
IA,2012,education total,84181,361597028,58820,55151954,3624421,105018,143001,416748982
IA,2012,education - elementary and secondary total,61976,231642422,30145,30858951,2270183,75160,92121,262501373
IA,2012,education - elementary and secondary instructional,47299,191803524,16366,16814251,1169445,54091,63665,208617775
IA,2012,education - elementary and secondary other,14677,39838898,13779,14044700,1100738,21069,28456,53883598
IA,2012,education - higher education total,21116,124092998,28586,24149074,1347935,28734,49702,148242072
IA,2012,education - higher education instructional,5540,45850705,11382,16397036,592943,8890,16922,62247741
IA,2012,education - higher education other,15576,78242293,17204,7752038,754992,19844,32780,85994331
IA,2012,education - other,1089,5861608,89,143929,6303,1124,1178,6005537
IA,2012,libraries,865,3377959,2061,1680667,143729,1676,2926,5058626
IA,2012,liquor stores,0,0,0,0,0,0,0,0
IA,2012,other and unallocable,4274,20366705,1398,1344149,88539,4759,5672,21710854
KS,2012,total,170499,637169523,67334,58098955,3804087,192106,237833,695268478
KS,2012,financial administration,4497,16631290,1189,535207,32702,4641,5686,17166497
KS,2012,other government administration,2753,10374494,4178,1529037,86303,3156,6931,11903531
KS,2012,judicial and legal,3509,14670434,597,604427,30680,3662,4106,15274861
KS,2012,police protection total,8721,35848140,848,750235,54227,9017,9569,36598375
KS,2012,police protection - officers,6142,26929605,451,337685,24763,6271,6593,27267290
KS,2012,police protection - other,2579,8918535,397,412550,29464,2746,2976,9331085
KS,2012,fire protection total,3064,15039830,2321,476301,35469,3253,5385,15516131
KS,2012,fire protection - firefighters,2903,14350947,2094,427341,31217,3068,4997,14778288
KS,2012,fire protection - other,161,688883,227,48960,4252,185,388,737843
KS,2012,corrections,6044,19830312,252,220615,14831,6132,6296,20050927
KS,2012,highways,7749,25839652,760,723161,58123,8037,8509,26562813
KS,2012,air transportation,210,837554,14,11918,1111,216,224,849472
KS,2012,water transport and terminals,0,0,0,0,0,0,0,0
KS,2012,public welfare,2701,8855222,228,192950,16764,2797,2929,9048172
KS,2012,health,3786,14382911,1338,1008232,68434,4172,5124,15391143
KS,2012,hospitals,13876,60160212,3605,6735785,299738,15577,17481,66895997
KS,2012,social insurance administration,96,339488,1,204,33,96,97,339692
KS,2012,solid waste management,993,2942100,136,106204,9796,1046,1129,3048304
KS,2012,sewerage,1160,4285161,115,67010,5451,1187,1275,4352171
KS,2012,parks and recreation,2157,7293530,2093,1236757,109836,2773,4250,8530287
KS,2012,housing and community development,891,3040020,296,269967,20038,1001,1187,3309987
KS,2012,natural resources,1127,4338570,269,217560,16259,1219,1396,4556130
KS,2012,water transport and terminals,2035,7768170,604,476872,30941,2191,2639,8245042
KS,2012,electric power,1082,5733435,30,26962,2217,1094,1112,5760397
KS,2012,gas supply,57,210217,0,0,0,57,57,210217
KS,2012,transit,283,989913,78,58768,5354,314,361,1048681
KS,2012,education total,97664,355776023,46567,41505254,2805059,113882,144231,397281277
KS,2012,education - elementary and secondary total,74293,239365747,24800,22768755,1715207,84305,99093,262134502
KS,2012,education - elementary and secondary instructional,54168,193367527,14026,12650105,860346,59196,68194,206017632
KS,2012,education - elementary and secondary other,20125,45998220,10774,10118650,854861,25109,30899,56116870
KS,2012,education - higher education total,22732,113744321,21682,18632648,1086095,28916,44414,132376969
KS,2012,education - higher education instructional,8450,57457782,8309,10333974,391290,10679,16759,67791756
KS,2012,education - higher education other,14282,56286539,13373,8298674,694805,18237,27655,64585213
KS,2012,education - other,639,2665955,85,103851,3757,661,724,2769806
KS,2012,libraries,827,2835082,689,587073,50008,1105,1516,3422155
KS,2012,liquor stores,0,0,0,0,0,0,0,0
KS,2012,other and unallocable,5217,19147763,1126,758456,50713,5481,6343,19906219
KY,2012,total,224890,788077562,56156,53053324,3845822,247597,281046,841130886
KY,2012,financial administration,4141,15307471,309,284937,20141,4246,4450,15592408
KY,2012,other government administration,3129,11481286,2153,1512590,75534,3548,5282,12993876
KY,2012,judicial and legal,6584,22815151,807,903713,68161,6975,7391,23718864
KY,2012,police protection total,9683,39107834,825,786948,65091,10049,10508,39894782
KY,2012,police protection - officers,7458,31797100,361,421043,32600,7639,7819,32218143
KY,2012,police protection - other,2225,7310734,464,365905,32491,2410,2689,7676639
KY,2012,fire protection total,3930,16933877,1479,677456,56435,4244,5409,17611333
KY,2012,fire protection - firefighters,3772,16368148,1329,643290,53383,4069,5101,17011438
KY,2012,fire protection - other,158,565729,150,34166,3052,175,308,599895
KY,2012,corrections,7852,21683867,592,576744,56789,8173,8444,22260611
KY,2012,highways,7560,23907514,120,132665,10849,7624,7680,24040179
KY,2012,air transportation,637,2966583,117,127711,10590,700,754,3094294
KY,2012,water transport and terminals,71,272665,3,5239,341,73,74,277904
KY,2012,public welfare,7161,21844444,139,97720,11263,7223,7300,21942164
KY,2012,health,8353,29397028,1362,1471914,107144,8959,9715,30868942
KY,2012,hospitals,9747,40083271,2033,4189624,180401,10774,11780,44272895
KY,2012,social insurance administration,1320,4077192,0,0,0,1320,1320,4077192
KY,2012,solid waste management,1351,3837381,144,131560,12355,1421,1495,3968941
KY,2012,sewerage,1866,7489892,79,85116,6014,1900,1945,7575008
KY,2012,parks and recreation,2598,6461251,1054,807675,86605,3089,3652,7268926
KY,2012,housing and community development,938,3254330,92,97293,7767,981,1030,3351623
KY,2012,natural resources,3180,11155234,392,332884,20664,3299,3572,11488118
KY,2012,water transport and terminals,2812,10066812,334,290234,18897,2911,3146,10357046
KY,2012,electric power,624,3330021,19,21936,1310,631,643,3351957
KY,2012,gas supply,142,445683,1,1470,125,143,143,447153
KY,2012,transit,923,3623651,150,193080,15518,1014,1073,3816731
KY,2012,education total,133601,465918503,41742,38631454,2854810,150694,175343,504549957
KY,2012,education - elementary and secondary total,102510,317884766,17924,15176288,1152865,109604,120434,333061054
KY,2012,education - elementary and secondary instructional,62713,241537116,10001,8928038,579371,66336,72714,250465154
KY,2012,education - elementary and secondary other,39797,76347650,7923,6248250,573494,43268,47720,82595900
KY,2012,education - higher education total,28839,138759210,23413,23124721,1684783,38735,52252,161883931
KY,2012,education - higher education instructional,9306,66907342,8066,11533135,569857,12657,17372,78440477
KY,2012,education - higher education other,19533,71851868,15347,11591586,1114926,26078,34880,83443454
KY,2012,education - other,2252,9274527,405,330445,17162,2355,2657,9604972
KY,2012,libraries,1425,4034780,1196,988805,100514,2015,2621,5023585
KY,2012,liquor stores,0,0,0,0,0,0,0,0
KY,2012,other and unallocable,5262,18581841,1014,704556,58504,5591,6276,19286397
LA,2012,total,244056,896705327,55377,50361677,3623408,265055,299433,947067004
LA,2012,financial administration,5619,21776744,441,556885,39947,5839,6060,22333629
LA,2012,other government administration,4710,19579999,2121,1808044,119441,5372,6831,21388043
LA,2012,judicial and legal,7122,25536017,1045,1146257,86742,7608,8167,26682274
LA,2012,police protection total,16486,63277655,2020,1991311,178493,17495,18506,65268966
LA,2012,police protection - officers,12728,50512532,843,791238,63688,13087,13571,51303770
LA,2012,police protection - other,3758,12765123,1177,1200073,114805,4408,4935,13965196
LA,2012,fire protection total,4897,20498852,368,191132,19605,5004,5265,20689984
LA,2012,fire protection - firefighters,4602,19537085,322,161520,16733,4694,4924,19698605
LA,2012,fire protection - other,295,961767,46,29612,2872,310,341,991379
LA,2012,corrections,12773,44822600,732,991532,97018,13321,13505,45814132
LA,2012,highways,9729,32934984,384,432386,39090,9949,10113,33367370
LA,2012,air transportation,425,1575654,33,37249,2890,441,458,1612903
LA,2012,water transport and terminals,582,2790197,23,24051,1920,594,605,2814248
LA,2012,public welfare,5687,20802038,255,339401,24687,5826,5942,21141439
LA,2012,health,4079,17601692,463,563014,40141,4305,4542,18164706
LA,2012,hospitals,27644,116061583,5339,9203783,458629,30236,32983,125265366
LA,2012,social insurance administration,1135,4263643,86,113378,7898,1180,1221,4377021
LA,2012,solid waste management,1031,2748968,194,163336,16770,1125,1225,2912304
LA,2012,sewerage,1846,6292214,105,105074,8936,1896,1951,6397288
LA,2012,parks and recreation,3744,11447165,2662,2248599,227976,5033,6406,13695764
LA,2012,housing and community development,1119,3828828,147,137371,12489,1188,1266,3966199
LA,2012,natural resources,4757,19365577,865,798238,60204,5110,5622,20163815
LA,2012,water transport and terminals,3030,11201247,276,200279,18446,3133,3306,11401526
LA,2012,electric power,595,2460549,27,34182,2963,612,622,2494731
LA,2012,gas supply,287,828695,46,36572,3601,307,333,865267
LA,2012,transit,349,1157645,50,78050,5943,383,399,1235695
LA,2012,education total,118413,418409738,35772,27080890,1976253,130129,154185,445490628
LA,2012,education - elementary and secondary total,94337,300221817,17633,11125858,954788,100148,111970,311347675
LA,2012,education - elementary and secondary instructional,65058,239007985,10106,6723290,555308,68470,75164,245731275
LA,2012,education - elementary and secondary other,29279,61213832,7527,4402568,399480,31678,36806,65616400
LA,2012,education - higher education total,21394,106360084,17564,15192375,987149,27104,38958,121552459
LA,2012,education - higher education instructional,7151,51249857,6177,8650768,402030,9470,13328,59900625
LA,2012,education - higher education other,14243,55110227,11387,6541607,585119,17634,25630,61651834
LA,2012,education - other,2682,11827837,575,762657,34316,2877,3257,12590494
LA,2012,libraries,2183,6368481,1195,1392825,111752,2812,3378,7761306
LA,2012,liquor stores,0,0,0,0,0,0,0,0
LA,2012,other and unallocable,5814,21074562,728,687838,61574,6157,6542,21762400
ME,2012,total,62550,235701325,29336,26567174,1608276,71881,91886,262268499
ME,2012,financial administration,2212,8218702,807,789635,45080,2467,3019,9008337
ME,2012,other government administration,1227,5058559,1900,1384548,74662,1644,3127,6443107
ME,2012,judicial and legal,810,4257646,186,294121,13061,886,996,4551767
ME,2012,police protection total,2772,12675696,588,461894,35262,2968,3360,13137590
ME,2012,police protection - officers,2161,10384834,358,296726,21690,2281,2519,10681560
ME,2012,police protection - other,611,2290862,230,165168,13572,687,841,2456030
ME,2012,fire protection total,1227,5426025,3282,920697,72872,1645,4509,6346722
ME,2012,fire protection - firefighters,1156,5135922,3138,803324,65877,1532,4294,5939246
ME,2012,fire protection - other,71,290103,144,117373,6995,113,215,407476
ME,2012,corrections,1860,7259435,147,221985,14701,1944,2007,7481420
ME,2012,highways,3622,13142204,477,498347,31242,3791,4099,13640551
ME,2012,air transportation,154,664564,59,67092,4612,181,213,731656
ME,2012,water transport and terminals,85,318804,41,57373,4304,108,126,376177
ME,2012,public welfare,2760,9850019,124,209476,11067,2824,2884,10059495
ME,2012,health,1168,4895424,499,549021,26533,1318,1667,5444445
ME,2012,hospitals,1329,5602287,430,856691,39772,1557,1759,6458978
ME,2012,social insurance administration,369,1349459,7,14840,621,371,376,1364299
ME,2012,solid waste management,416,1483225,375,282496,27362,570,791,1765721
ME,2012,sewerage,530,2196543,118,92109,5680,564,648,2288652
ME,2012,parks and recreation,525,1902096,937,598603,50753,812,1462,2500699
ME,2012,housing and community development,435,1624252,93,97664,7333,477,528,1721916
ME,2012,natural resources,995,4152723,219,322285,11669,1062,1214,4475008
ME,2012,water transport and terminals,613,2610030,207,144851,8749,662,820,2754881
ME,2012,electric power,21,91738,11,12452,574,24,32,104190
ME,2012,gas supply,0,0,0,0,0,0,0,0
ME,2012,transit,83,339883,37,87547,5418,114,120,427430
ME,2012,education total,37138,133412105,17268,17485702,1043368,43277,54406,150897807
ME,2012,education - elementary and secondary total,31425,108383852,9751,11433480,706306,35645,41176,119817332
ME,2012,education - elementary and secondary instructional,23789,88444644,6325,7327586,423968,26317,30114,95772230
ME,2012,education - elementary and secondary other,7636,19939208,3426,4105894,282338,9328,11062,24045102
ME,2012,education - higher education total,5498,24136695,7517,6052222,337062,7417,13015,30188917
ME,2012,education - higher education instructional,1714,10222202,2671,3444559,132814,2475,4385,13666761
ME,2012,education - higher education other,3784,13914493,4846,2607663,204248,4942,8630,16522156
ME,2012,education - other,215,891558,0,0,0,215,215,891558
ME,2012,libraries,206,677848,412,371765,27634,369,618,1049613
ME,2012,liquor stores,1,4444,0,0,0,1,1,4444
ME,2012,other and unallocable,1992,8487614,1112,745980,45947,2245,3104,9233594
MD,2012,total,265122,1333857882,71483,127112745,5959531,299660,336605,1460970627
MD,2012,financial administration,5488,25381699,340,672801,33136,5681,5828,26054500
MD,2012,other government administration,4621,24899274,1276,1992126,85904,5111,5897,26891400
MD,2012,judicial and legal,7637,41139300,774,1746147,94458,8181,8411,42885447
MD,2012,police protection total,18096,103323691,1474,1877846,124006,18833,19570,105201537
MD,2012,police protection - officers,13539,82063146,302,540999,27796,13701,13841,82604145
MD,2012,police protection - other,4557,21260545,1172,1336847,96210,5132,5729,22597392
MD,2012,fire protection total,6740,39651011,149,254363,12144,6811,6889,39905374
MD,2012,fire protection - firefighters,6163,36412466,41,48642,2905,6181,6204,36461108
MD,2012,fire protection - other,577,3238545,108,205721,9239,630,685,3444266
MD,2012,corrections,15612,68485598,428,984291,61908,15962,16040,69469889
MD,2012,highways,8993,38494489,107,206988,12556,9067,9100,38701477
MD,2012,air transportation,499,2451814,18,18097,1525,507,517,2469911
MD,2012,water transport and terminals,273,1517518,9,3266,343,275,282,1520784
MD,2012,public welfare,8688,37100980,1140,1965014,164654,9640,9828,39065994
MD,2012,health,9750,45758507,2076,4857102,250589,11172,11826,50615609
MD,2012,hospitals,3461,14751955,504,902218,41753,3696,3965,15654173
MD,2012,social insurance administration,929,4090702,153,342499,20728,1046,1082,4433201
MD,2012,solid waste management,1523,5580626,158,188038,16055,1617,1681,5768664
MD,2012,sewerage,3718,16921753,45,119224,4843,3746,3763,17040977
MD,2012,parks and recreation,4978,21182383,5407,4255889,359853,7081,10385,25438272
MD,2012,housing and community development,2404,9836897,205,548777,25377,2549,2609,10385674
MD,2012,natural resources,2315,11668364,367,823136,42193,2557,2682,12491500
MD,2012,water transport and terminals,2131,9611954,23,50883,2496,2145,2154,9662837
MD,2012,electric power,80,399146,0,0,0,80,80,399146
MD,2012,gas supply,0,0,0,0,0,0,0,0
MD,2012,transit,1794,7974287,226,321897,22545,1925,2020,8296184
MD,2012,education total,142135,746734598,52934,99707424,4251910,166827,195069,846442022
MD,2012,education - elementary and secondary total,110207,575585364,29593,53998625,2432138,124481,139800,629583989
MD,2012,education - elementary and secondary instructional,82766,470930124,16999,34292373,1274899,90228,99765,505222497
MD,2012,education - elementary and secondary other,27441,104655240,12594,19706252,1157239,34253,40035,124361492
MD,2012,education - higher education total,30112,162492544,23005,44684880,1778621,40298,53117,207177424
MD,2012,education - higher education instructional,9450,70109318,13200,33867958,1082565,15626,22650,103977276
MD,2012,education - higher education other,20662,92383226,9805,10816922,696056,24672,30467,103200148
MD,2012,education - other,1816,8656690,336,1023919,41151,2048,2152,9680609
MD,2012,libraries,2326,8873132,1900,1766553,129818,3073,4226,10639685
MD,2012,liquor stores,0,0,0,0,0,0,0,0
MD,2012,other and unallocable,10931,48028204,1770,3508166,200737,12078,12701,51536370
MA,2012,total,288617,1468759269,95567,117979803,5539015,321682,384184,1586739072
MA,2012,financial administration,7716,38513777,1439,2308791,77932,8167,9155,40822568
MA,2012,other government administration,5306,24443875,2024,2941891,110119,5940,7330,27385766
MA,2012,judicial and legal,8952,48360423,535,1695108,30229,9129,9487,50055531
MA,2012,police protection total,18975,131270163,2827,2705595,154541,19862,21802,133975758
MA,2012,police protection - officers,15722,116121793,1293,1142213,67086,16103,17015,117264006
MA,2012,police protection - other,3253,15148370,1534,1563382,87455,3759,4787,16711752
MA,2012,fire protection total,12166,75895279,2456,1306664,79401,12615,14622,77201943
MA,2012,fire protection - firefighters,11547,72772111,2187,1059818,66808,11922,13734,73831929
MA,2012,fire protection - other,619,3123168,269,246846,12593,693,888,3370014
MA,2012,corrections,11699,57274168,147,404044,7458,11744,11846,57678212
MA,2012,highways,8684,42376138,316,513408,22701,8813,9000,42889546
MA,2012,air transportation,1156,7730417,44,56618,3617,1177,1200,7787035
MA,2012,water transport and terminals,217,1363687,49,41394,2897,235,266,1405081
MA,2012,public welfare,8314,40682189,1681,2895927,114894,8985,9995,43578116
MA,2012,health,9427,45395281,1954,3471610,141639,10263,11381,48866891
MA,2012,hospitals,7460,29782379,1777,4075234,116599,8119,9237,33857613
MA,2012,social insurance administration,1496,7156140,44,193327,3078,1515,1540,7349467
MA,2012,solid waste management,998,3934750,245,203871,15851,1083,1243,4138621
MA,2012,sewerage,2639,13969229,143,308754,8461,2688,2782,14277983
MA,2012,parks and recreation,2543,10832468,2206,1420792,104221,3146,4749,12253260
MA,2012,housing and community development,4193,19424085,647,1130027,54454,4505,4840,20554112
MA,2012,natural resources,1385,7494274,209,521265,16125,1478,1594,8015539
MA,2012,water transport and terminals,3329,16922568,268,264262,12181,3397,3597,17186830
MA,2012,electric power,1206,7964748,53,86610,4136,1229,1259,8051358
MA,2012,gas supply,98,709917,4,5927,326,101,102,715844
MA,2012,transit,196,874401,102,182731,10452,257,298,1057132
MA,2012,education total,159155,782056037,70126,85132993,4090723,183836,229281,867189030
MA,2012,education - elementary and secondary total,135556,654294673,39665,50965998,2688699,151835,175221,705260671
MA,2012,education - elementary and secondary instructional,108357,558873415,24052,34681011,1632466,118273,132409,593554426
MA,2012,education - elementary and secondary other,27199,95421258,15613,16284987,1056233,33562,42812,111706245
MA,2012,education - higher education total,22508,121403251,30365,33874140,1397058,30880,52873,155277391
MA,2012,education - higher education instructional,6532,43302001,12365,21561824,712998,10821,18897,64863825
MA,2012,education - higher education other,15976,78101250,18000,12312316,684060,20059,33976,90413566
MA,2012,education - other,1091,6358113,96,292855,4966,1121,1187,6650968
MA,2012,libraries,2764,11114908,2913,3035445,192393,3885,5677,14150353
MA,2012,liquor stores,0,0,0,0,0,0,0,0
MA,2012,other and unallocable,8543,43217968,3358,3077515,164587,9513,11901,46295483
MI,2012,total,360612,1740080217,202965,246723341,14747405,445933,563577,1986803558
MI,2012,financial administration,9110,44170629,3922,4926180,276755,10631,13032,49096809
MI,2012,other government administration,6814,28769743,13481,6442786,360355,8851,20295,35212529
MI,2012,judicial and legal,10291,48103636,1059,1792328,93081,10823,11350,49895964
MI,2012,police protection total,19532,107564915,3416,3189352,227476,20831,22948,110754267
MI,2012,police protection - officers,15957,92753358,1262,1182132,80122,16414,17219,93935490
MI,2012,police protection - other,3575,14811557,2154,2007220,147354,4417,5729,16818777
MI,2012,fire protection total,5613,29473317,13080,4206061,293088,7300,18693,33679378
MI,2012,fire protection - firefighters,5143,27646675,12482,4027695,279379,6754,17625,31674370
MI,2012,fire protection - other,470,1826642,598,178366,13709,546,1068,2005008
MI,2012,corrections,18475,88868045,1005,1934593,104891,19081,19480,90802638
MI,2012,highways,10429,45940682,930,1479987,85406,10919,11359,47420669
MI,2012,air transportation,932,5316913,136,143229,9651,991,1068,5460142
MI,2012,water transport and terminals,8,48078,15,8635,319,10,23,56713
MI,2012,public welfare,13657,56160651,2856,5821050,352139,15672,16513,61981701
MI,2012,health,13087,54771803,4329,8597276,439427,15614,17416,63369079
MI,2012,hospitals,17972,88526370,7850,27230789,1142439,24465,25822,115757159
MI,2012,social insurance administration,1105,5392572,104,365652,18281,1208,1209,5758224
MI,2012,solid waste management,946,4152982,291,223206,18208,1037,1237,4376188
MI,2012,sewerage,3320,14540302,320,272082,19102,3424,3640,14812384
MI,2012,parks and recreation,2200,9303492,4809,3428839,297834,3893,7009,12732331
MI,2012,housing and community development,1651,7616905,419,673627,44426,1904,2070,8290532
MI,2012,natural resources,3586,17086363,895,1421542,84366,4065,4481,18507905
MI,2012,water transport and terminals,3898,14744054,274,257616,17231,3997,4172,15001670
MI,2012,electric power,978,5340399,24,23096,1402,985,1002,5363495
MI,2012,gas supply,0,0,0,0,0,0,0,0
MI,2012,transit,4213,13606777,1041,1610724,118295,4890,5254,15217501
MI,2012,education total,200536,997202386,130850,162714331,10055598,259195,331386,1159916717
MI,2012,education - elementary and secondary total,140872,637914510,49516,64545975,4347988,167065,190388,702460485
MI,2012,education - elementary and secondary instructional,103535,520853308,20256,28857439,1722061,113815,123791,549710747
MI,2012,education - elementary and secondary other,37337,117061202,29260,35688536,2625927,53250,66597,152749738
MI,2012,education - higher education total,59163,356492093,81217,97717813,5689845,91529,140380,454209906
MI,2012,education - higher education instructional,19367,169247500,24323,50289680,1903114,30248,43690,219537180
MI,2012,education - higher education other,39796,187244593,56894,47428133,3786731,61281,96690,234672726
MI,2012,education - other,501,2795783,117,450543,17765,601,618,3246326
MI,2012,libraries,2442,9031499,4633,4647331,362694,4523,7075,13678830
MI,2012,liquor stores,0,0,0,0,0,0,0,0
MI,2012,other and unallocable,9817,44347704,7226,5313029,324941,11624,17043,49660733
MN,2012,total,228931,1099120917,132736,156718869,8641663,278164,361667,1255839786
MN,2012,financial administration,7914,40102230,2375,1899859,108417,8433,10289,42002089
MN,2012,other government administration,5207,24687415,12248,3988415,212170,6222,17455,28675830
MN,2012,judicial and legal,5366,29827641,915,2590551,101840,5937,6281,32418192
MN,2012,police protection total,11488,64139505,1416,1706261,98766,12045,12904,65845766
MN,2012,police protection - officers,8593,51796325,660,682701,38384,8805,9253,52479026
MN,2012,police protection - other,2895,12343180,756,1023560,60382,3240,3651,13366740
MN,2012,fire protection total,1956,11860698,6598,1754880,148783,2791,8554,13615578
MN,2012,fire protection - firefighters,1788,10960490,6405,1611154,140165,2573,8193,12571644
MN,2012,fire protection - other,168,900208,193,143726,8618,218,361,1043934
MN,2012,corrections,8677,40397852,692,1427143,73599,9095,9369,41824995
MN,2012,highways,11043,51767871,1200,1354039,82022,11466,12243,53121910
MN,2012,air transportation,651,3974707,62,113115,5212,680,713,4087822
MN,2012,water transport and terminals,33,237232,7,8383,421,35,40,245615
MN,2012,public welfare,11476,53827175,2778,6355881,381687,13638,14254,60183056
MN,2012,health,5503,27725921,4082,4873667,209475,6694,9585,32599588
MN,2012,hospitals,7301,35052930,5712,14774384,707921,11342,13013,49827314
MN,2012,social insurance administration,1128,4924523,78,192632,8678,1177,1206,5117155
MN,2012,solid waste management,887,3750596,218,179664,12709,957,1105,3930260
MN,2012,sewerage,1828,9163444,269,249604,15703,1900,2097,9413048
MN,2012,parks and recreation,3965,17337878,5439,3261096,258847,5429,9404,20598974
MN,2012,housing and community development,1807,8754861,478,442783,26186,1958,2285,9197644
MN,2012,natural resources,3470,16488588,974,1456222,86334,3954,4444,17944810
MN,2012,water transport and terminals,1631,7861916,263,203020,13052,1687,1894,8064936
MN,2012,electric power,936,5286901,101,96735,4748,962,1037,5383636
MN,2012,gas supply,135,623143,7,3890,485,137,142,627033
MN,2012,transit,2642,12500686,590,1199134,61335,2989,3232,13699820
MN,2012,education total,125955,592698158,80722,103309479,5642119,158574,206677,696007637
MN,2012,education - elementary and secondary total,94422,404799170,52798,68114367,4029583,117931,147220,472913537
MN,2012,education - elementary and secondary instructional,70794,328205244,28880,41956435,2265604,84011,99674,370161679
MN,2012,education - elementary and secondary other,23628,76593926,23918,26157932,1763979,33920,47546,102751858
MN,2012,education - higher education total,28146,169334762,26496,32289820,1495609,36597,54642,201624582
MN,2012,education - higher education instructional,11661,76244215,10729,17138763,585811,14970,22390,93382978
MN,2012,education - higher education other,16485,93090547,15767,15151057,909798,21627,32252,108241604
MN,2012,education - other,3387,18564226,1428,2905292,116927,4046,4815,21469518
MN,2012,libraries,1451,6158237,1994,2541578,171035,2415,3445,8699815
MN,2012,liquor stores,0,0,0,0,0,0,0,0
MN,2012,other and unallocable,6481,29970809,3518,2736454,210119,7647,9999,32707263
MS,2012,total,179391,578416756,34779,39999343,2434917,193283,214170,618416099
MS,2012,financial administration,3760,12151631,291,347378,26660,3910,4051,12499009
MS,2012,other government administration,2677,8643412,1453,855582,49548,2954,4130,9498994
MS,2012,judicial and legal,2728,9977767,622,669963,29196,2886,3350,10647730
MS,2012,police protection total,9243,28155407,1350,1012756,91380,9759,10593,29168163
MS,2012,police protection - officers,6932,22546511,817,635002,57747,7264,7749,23181513
MS,2012,police protection - other,2311,5608896,533,377754,33633,2495,2844,5986650
MS,2012,fire protection total,3425,11536153,638,273755,23749,3555,4063,11809908
MS,2012,fire protection - firefighters,3270,11014683,562,222141,19917,3380,3832,11236824
MS,2012,fire protection - other,155,521470,76,51614,3832,175,231,573084
MS,2012,corrections,5311,13276442,341,308405,25545,5455,5652,13584847
MS,2012,highways,7709,20466976,295,297455,27857,7872,8004,20764431
MS,2012,air transportation,142,449156,42,32327,2998,159,184,481483
MS,2012,water transport and terminals,148,620222,6,6415,394,150,154,626637
MS,2012,public welfare,3333,10693106,210,203457,19242,3440,3543,10896563
MS,2012,health,3539,11789003,136,129420,6394,3577,3675,11918423
MS,2012,hospitals,27872,106647903,5334,14350646,538246,30912,33206,120998549
MS,2012,social insurance administration,707,2276809,243,557520,40336,950,950,2834329
MS,2012,solid waste management,1013,2190431,117,95995,10850,1073,1130,2286426
MS,2012,sewerage,652,1894584,49,27767,2186,663,701,1922351
MS,2012,parks and recreation,1349,3280348,618,387173,39825,1580,1967,3667521
MS,2012,housing and community development,869,2706837,93,77701,6386,904,962,2784538
MS,2012,natural resources,2945,9259202,999,909357,69082,3341,3944,10168559
MS,2012,water transport and terminals,1381,3762532,123,101068,7895,1417,1504,3863600
MS,2012,electric power,427,1611364,8,6604,516,430,435,1617968
MS,2012,gas supply,205,587450,17,20025,1406,213,222,607475
MS,2012,transit,116,299352,41,47250,5082,146,157,346602
MS,2012,education total,94361,300071244,20639,18464585,1332642,102023,115000,318535829
MS,2012,education - elementary and secondary total,71184,197218201,6582,4657495,426405,73631,77766,201875696
MS,2012,education - elementary and secondary instructional,49739,160245326,3591,2560966,221690,51011,53330,162806292
MS,2012,education - elementary and secondary other,21445,36972875,2991,2096529,204715,22620,24436,39069404
MS,2012,education - higher education total,21662,97980110,14027,13760644,903659,26862,35689,111740754
MS,2012,education - higher education instructional,8426,42787337,3293,4675166,205667,9601,11719,47462503
MS,2012,education - higher education other,13236,55192773,10734,9085478,697992,17261,23970,64278251
MS,2012,education - other,1515,4872933,30,46446,2578,1530,1545,4919379
MS,2012,libraries,720,1645310,468,275743,31737,901,1188,1921053
MS,2012,liquor stores,114,298563,0,0,0,114,114,298563
MS,2012,other and unallocable,4645,14125552,646,540996,45765,4899,5291,14666548
MO,2012,total,286658,1023931115,90651,79696648,5295076,316950,377309,1103627763
MO,2012,financial administration,6779,23203020,919,711479,56540,7084,7698,23914499
MO,2012,other government administration,4646,16961760,4045,2066380,122414,5295,8691,19028140
MO,2012,judicial and legal,7922,29400064,1204,1331049,91103,8428,9126,30731113
MO,2012,police protection total,17832,66126625,1444,1165327,103066,18405,19276,67291952
MO,2012,police protection - officers,13351,52481956,789,576203,47337,13613,14140,53058159
MO,2012,police protection - other,4481,13644669,655,589124,55729,4792,5136,14233793
MO,2012,fire protection total,6988,33857573,2373,741540,58834,7305,9361,34599113
MO,2012,fire protection - firefighters,5898,29530631,2090,571553,46407,6150,7988,30102184
MO,2012,fire protection - other,1090,4326942,283,169987,12427,1155,1373,4496929
MO,2012,corrections,15064,39652925,471,422939,34700,15257,15535,40075864
MO,2012,highways,11729,38239079,741,604616,48074,11970,12470,38843695
MO,2012,air transportation,1182,4571658,75,88267,6886,1221,1257,4659925
MO,2012,water transport and terminals,4,24021,2,760,87,4,6,24781
MO,2012,public welfare,9588,23847723,1205,1117156,98777,10167,10793,24964879
MO,2012,health,6047,21691009,1664,1788375,123577,6744,7711,23479384
MO,2012,hospitals,20754,76481866,4596,8718863,453080,23353,25350,85200729
MO,2012,social insurance administration,665,1825922,40,58106,3278,684,705,1884028
MO,2012,solid waste management,799,2348766,137,144738,13582,873,936,2493504
MO,2012,sewerage,2588,10456123,223,181682,13148,2654,2811,10637805
MO,2012,parks and recreation,3355,10947155,4780,2400176,237117,4693,8135,13347331
MO,2012,housing and community development,1209,4115065,203,194371,14312,1293,1412,4309436
MO,2012,natural resources,2351,7863745,603,570413,55388,2663,2954,8434158
MO,2012,water transport and terminals,3018,10114136,566,440778,33643,3197,3584,10554914
MO,2012,electric power,1360,7804365,34,46017,2945,1378,1394,7850382
MO,2012,gas supply,162,722302,2,1957,190,163,164,724259
MO,2012,transit,2955,13156251,328,600013,35001,3155,3283,13756264
MO,2012,education total,150399,548303639,61172,53122447,3414868,170153,211571,601426086
MO,2012,education - elementary and secondary total,122250,411988354,29236,24886106,1766022,132659,151486,436874460
MO,2012,education - elementary and secondary instructional,85598,325836065,16598,13724703,899535,90916,102196,339560768
MO,2012,education - elementary and secondary other,36652,86152289,12638,11161403,866487,41743,49290,97313692
MO,2012,education - higher education total,27099,132712265,30938,26476933,1540458,35832,58037,159189198
MO,2012,education - higher education instructional,9848,63867517,12645,15701571,663762,13611,22493,79569088
MO,2012,education - higher education other,17251,68844748,18293,10775362,876696,22221,35544,79620110
MO,2012,education - other,1050,3603020,998,1759408,108388,1662,2048,5362428
MO,2012,libraries,2025,6222626,2836,2221766,201041,3164,4861,8444392
MO,2012,liquor stores,0,0,0,0,0,0,0,0
MO,2012,other and unallocable,7237,25993697,988,957433,73425,7647,8225,26951130
MT,2012,total,47477,186377944,24868,24107260,1564735,56360,72345,210485204
MT,2012,financial administration,1721,6263283,167,260451,16241,1813,1888,6523734
MT,2012,other government administration,1090,4551021,808,502334,30385,1254,1898,5053355
MT,2012,judicial and legal,1439,5907726,361,516127,29929,1607,1800,6423853
MT,2012,police protection total,2473,10888224,238,282119,17749,2574,2711,11170343
MT,2012,police protection - officers,1710,8341304,95,108486,5971,1745,1805,8449790
MT,2012,police protection - other,763,2546920,143,173633,11778,829,906,2720553
MT,2012,fire protection total,710,3641731,305,102683,7755,746,1015,3744414
MT,2012,fire protection - firefighters,642,3359419,278,85306,6556,674,920,3444725
MT,2012,fire protection - other,68,282312,27,17377,1199,72,95,299689
MT,2012,corrections,1800,6871251,82,115017,7852,1844,1882,6986268
MT,2012,highways,3291,13363288,228,331727,18768,3396,3519,13695015
MT,2012,air transportation,117,529566,45,45828,3050,132,162,575394
MT,2012,water transport and terminals,8,29199,1,243,16,8,9,29442
MT,2012,public welfare,1921,6226321,626,946741,65761,2292,2547,7173062
MT,2012,health,1672,6452727,689,1059736,53450,1973,2361,7512463
MT,2012,hospitals,1310,4830306,523,826475,44933,1567,1833,5656781
MT,2012,social insurance administration,717,3184294,36,79404,4519,743,753,3263698
MT,2012,solid waste management,416,1252379,103,92527,7477,458,519,1344906
MT,2012,sewerage,303,1192348,108,45063,2996,315,411,1237411
MT,2012,parks and recreation,360,1317250,547,352407,26623,510,907,1669657
MT,2012,housing and community development,213,809755,26,30866,1770,225,239,840621
MT,2012,natural resources,1543,6030236,531,678656,39414,1762,2074,6708892
MT,2012,water transport and terminals,473,1697487,156,80658,5290,496,629,1778145
MT,2012,electric power,3,19931,0,0,0,3,3,19931
MT,2012,gas supply,0,0,0,0,0,0,0,0
MT,2012,transit,256,807447,68,136766,9588,311,324,944213
MT,2012,education total,23264,91748998,18343,16672410,1102847,29572,41607,108421408
MT,2012,education - elementary and secondary total,17987,67792231,9820,8575093,607727,21496,27807,76367324
MT,2012,education - elementary and secondary instructional,13654,55557342,5225,4531867,324190,15531,18879,60089209
MT,2012,education - elementary and secondary other,4333,12234889,4595,4043226,283537,5965,8928,16278115
MT,2012,education - higher education total,4975,22673059,8363,7837736,481267,7696,13338,30510795
MT,2012,education - higher education instructional,1418,9391040,1657,2727350,113479,2060,3075,12118390
MT,2012,education - higher education other,3557,13282019,6706,5110386,367788,5636,10263,18392405
MT,2012,education - other,302,1283708,160,259581,13853,380,462,1543289
MT,2012,libraries,194,647957,341,295015,26861,346,535,942972
MT,2012,liquor stores,26,97615,4,7657,534,29,30,105272
MT,2012,other and unallocable,2157,8017604,532,646350,40927,2384,2689,8663954
NE,2012,total,104071,423127331,41271,39771122,2817457,120079,145342,462898453
NE,2012,financial administration,2288,8349696,384,318431,23119,2411,2672,8668127
NE,2012,other government administration,1703,5806623,2850,848254,52465,1964,4553,6654877
NE,2012,judicial and legal,1879,8324926,240,328613,18401,1980,2119,8653539
NE,2012,police protection total,4725,22072306,480,554677,36455,4922,5205,22626983
NE,2012,police protection - officers,3576,18127919,235,248779,16079,3658,3811,18376698
NE,2012,police protection - other,1149,3944387,245,305898,20376,1264,1394,4250285
NE,2012,fire protection total,1315,7620056,376,65846,4815,1340,1691,7685902
NE,2012,fire protection - firefighters,1248,7293727,292,46400,3544,1267,1540,7340127
NE,2012,fire protection - other,67,326329,84,19446,1271,73,151,345775
NE,2012,corrections,4276,14666384,250,306656,20919,4392,4526,14973040
NE,2012,highways,4879,17073418,526,522432,38507,5079,5405,17595850
NE,2012,air transportation,300,1150831,89,113243,6923,339,389,1264074
NE,2012,water transport and terminals,0,0,0,0,0,0,0,0
NE,2012,public welfare,3684,11021904,844,1112856,61692,4033,4528,12134760
NE,2012,health,1059,4479346,349,420030,22192,1183,1408,4899376
NE,2012,hospitals,7248,28836607,1925,3691311,206029,8425,9173,32527918
NE,2012,social insurance administration,232,882435,6,9121,617,236,238,891556
NE,2012,solid waste management,309,1139792,152,107254,9659,361,461,1247046
NE,2012,sewerage,513,2169131,124,95567,5965,540,637,2264698
NE,2012,parks and recreation,835,3059733,1149,724505,69401,1224,1984,3784238
NE,2012,housing and community development,597,2062057,416,382854,27690,754,1013,2444911
NE,2012,natural resources,2159,7866984,936,1710295,118090,2825,3095,9577279
NE,2012,water transport and terminals,986,4565911,239,173852,13574,1051,1225,4739763
NE,2012,electric power,6678,43910567,290,568302,25834,6828,6968,44478869
NE,2012,gas supply,480,2656561,8,13264,708,484,488,2669825
NE,2012,transit,402,1601177,52,41074,3678,425,454,1642251
NE,2012,education total,54238,211216693,27852,26359197,1944402,65404,82090,237575890
NE,2012,education - elementary and secondary total,42450,154499808,17073,16737147,1141903,49048,59523,171236955
NE,2012,education - elementary and secondary instructional,32505,129468710,11310,11356011,711544,36631,43815,140824721
NE,2012,education - elementary and secondary other,9945,25031098,5763,5381136,430359,12417,15708,30412234
NE,2012,education - higher education total,11272,54487530,10750,9577881,800165,15827,22022,64065411
NE,2012,education - higher education instructional,3783,25165464,2395,3242479,138854,4579,6178,28407943
NE,2012,education - higher education other,7489,29322066,8355,6335402,661311,11248,15844,35657468
NE,2012,education - other,516,2229355,29,44169,2334,529,545,2273524
NE,2012,libraries,412,1459923,930,758149,68018,795,1342,2218072
NE,2012,liquor stores,0,0,0,0,0,0,0,0
NE,2012,other and unallocable,2874,11134270,804,545339,38304,3084,3678,11679609
NV,2012,total,92021,472052861,32478,51296141,3091189,109629,124499,523349002
NV,2012,financial administration,2668,13298780,113,236864,12110,2738,2781,13535644
NV,2012,other government administration,2526,13396651,299,516570,26070,2676,2825,13913221
NV,2012,judicial and legal,3453,21407610,273,610626,29263,3618,3726,22018236
NV,2012,police protection total,7599,49020713,966,716679,41780,7842,8565,49737392
NV,2012,police protection - officers,5023,36148701,17,21946,1150,5029,5040,36170647
NV,2012,police protection - other,2576,12872012,949,694733,40630,2813,3525,13566745
NV,2012,fire protection total,2561,22721558,117,159189,7902,2606,2678,22880747
NV,2012,fire protection - firefighters,2318,20924117,73,110252,4708,2344,2391,21034369
NV,2012,fire protection - other,243,1797441,44,48937,3194,262,287,1846378
NV,2012,corrections,5543,27876100,162,315075,11074,5606,5705,28191175
NV,2012,highways,2788,13661608,37,34689,1903,2798,2825,13696297
NV,2012,air transportation,1356,6477397,45,84428,5157,1385,1401,6561825
NV,2012,water transport and terminals,0,0,0,0,0,0,0,0
NV,2012,public welfare,2609,10443270,195,369890,17934,2710,2804,10813160
NV,2012,health,2134,10617713,145,228056,8283,2180,2279,10845769
NV,2012,hospitals,5243,27364088,708,1996172,58105,5571,5951,29360260
NV,2012,social insurance administration,689,2280185,1,879,40,689,690,2281064
NV,2012,solid waste management,91,423509,2,1297,119,91,93,424806
NV,2012,sewerage,856,5138057,32,34795,1309,863,888,5172852
NV,2012,parks and recreation,1521,7612657,3014,2278735,196915,2676,4535,9891392
NV,2012,housing and community development,504,2817215,26,46098,2100,515,530,2863313
NV,2012,natural resources,973,4838888,172,221421,11100,1034,1145,5060309
NV,2012,water transport and terminals,2131,14457229,48,60534,2996,2151,2179,14517763
NV,2012,electric power,111,737916,6,17840,564,115,117,755756
NV,2012,gas supply,0,0,0,0,0,0,0,0
NV,2012,transit,236,1462311,10,26807,1186,243,246,1489118
NV,2012,education total,42261,194827867,25236,42179264,2582640,56923,67497,237007131
NV,2012,education - elementary and secondary total,35487,155097646,15883,31277976,2093374,47385,51370,186375622
NV,2012,education - elementary and secondary instructional,26874,123218511,9414,20061719,1368259,34638,36288,143280230
NV,2012,education - elementary and secondary other,8613,31879135,6469,11216257,725115,12747,15082,43095392
NV,2012,education - higher education total,6636,39062755,9351,10897198,489175,9399,15987,49959953
NV,2012,education - higher education instructional,1885,15646771,4320,6330687,222005,3139,6205,21977458
NV,2012,education - higher education other,4751,23415984,5031,4566511,267170,6260,9782,27982495
NV,2012,education - other,138,667466,2,4090,91,139,140,671556
NV,2012,libraries,606,2764743,610,617652,42485,869,1216,3382395
NV,2012,liquor stores,0,0,0,0,0,0,0,0
NV,2012,other and unallocable,3562,18406796,261,542581,30154,3730,3823,18949377
NH,2012,total,60204,251939832,30494,33715347,2033156,72119,90698,285655179
NH,2012,financial administration,1511,6849424,616,656816,39284,1739,2127,7506240
NH,2012,other government administration,970,4482243,916,784604,43472,1215,1886,5266847
NH,2012,judicial and legal,1109,4728454,181,298690,11919,1180,1290,5027144
NH,2012,police protection total,3488,18091692,904,1069893,63549,3847,4392,19161585
NH,2012,police protection - officers,2668,14821311,514,670525,38227,2882,3182,15491836
NH,2012,police protection - other,820,3270381,390,399368,25322,965,1210,3669749
NH,2012,fire protection total,1640,8789602,1584,727830,57867,1968,3224,9517432
NH,2012,fire protection - firefighters,1536,8282844,1536,678339,54952,1846,3072,8961183
NH,2012,fire protection - other,104,506758,48,49491,2915,122,152,556249
NH,2012,corrections,1775,7427160,157,321436,15096,1864,1932,7748596
NH,2012,highways,3052,12321566,390,514269,41338,3296,3442,12835835
NH,2012,air transportation,112,587046,42,82875,5519,143,154,669921
NH,2012,water transport and terminals,7,38850,9,8284,673,11,16,47134
NH,2012,public welfare,3305,11853134,1433,2319647,139981,4099,4738,14172781
NH,2012,health,999,4577712,273,238568,13963,1080,1272,4816280
NH,2012,hospitals,542,2205566,79,121662,1814,553,621,2327228
NH,2012,social insurance administration,286,1076384,47,74965,3705,308,333,1151349
NH,2012,solid waste management,356,1335013,311,302838,25505,502,667,1637851
NH,2012,sewerage,358,1558743,43,43232,2667,371,401,1601975
NH,2012,parks and recreation,358,1477711,776,581119,52350,660,1134,2058830
NH,2012,housing and community development,342,1366503,104,117237,7706,391,446,1483740
NH,2012,natural resources,357,1634141,153,132906,9218,412,510,1767047
NH,2012,water transport and terminals,382,1676769,130,108962,5341,413,512,1785731
NH,2012,electric power,2,10358,5,7018,402,4,7,17376
NH,2012,gas supply,0,0,0,0,0,0,0,0
NH,2012,transit,77,293685,93,94487,7496,119,170,388172
NH,2012,education total,36300,147617051,19124,22608515,1298070,43990,55424,170225566
NH,2012,education - elementary and secondary total,31868,122581501,11052,13344186,864431,36942,42920,135925687
NH,2012,education - elementary and secondary instructional,25978,105104723,7905,9870143,607894,29547,33883,114974866
NH,2012,education - elementary and secondary other,5890,17476778,3147,3474043,256537,7395,9037,20950821
NH,2012,education - higher education total,4132,23740029,8048,9221163,431387,6735,12180,32961192
NH,2012,education - higher education instructional,1484,11219213,2190,4562974,140744,2334,3674,15782187
NH,2012,education - higher education other,2648,12520816,5858,4658189,290643,4401,8506,17179005
NH,2012,education - other,300,1295521,24,43166,2252,313,324,1338687
NH,2012,libraries,380,1537503,921,912e3,64464,749,1301,2449503
NH,2012,liquor stores,285,1116574,552,512510,45366,558,837,1629084
NH,2012,other and unallocable,2211,9286948,1651,1074984,76391,2647,3862,10361932
NJ,2012,total,436721,2518980944,124035,153368676,7969419,484992,560756,2672349620
NJ,2012,financial administration,9515,49348117,1492,2652671,110283,10180,11007,52000788
NJ,2012,other government administration,6619,33640120,3640,3025801,132615,7378,10259,36665921
NJ,2012,judicial and legal,19439,117101172,1890,2852174,101180,20031,21329,119953346
NJ,2012,police protection total,30442,236062718,7139,7088627,476036,33230,37581,243151345
NJ,2012,police protection - officers,25028,213224654,1139,1239780,89598,25555,26167,214464434
NJ,2012,police protection - other,5414,22838064,6000,5848847,386438,7675,11414,28686911
NJ,2012,fire protection total,7387,56931975,1909,1469015,85748,7868,9296,58400990
NJ,2012,fire protection - firefighters,6597,53449333,1101,685709,45162,6853,7698,54135042
NJ,2012,fire protection - other,790,3482642,808,783306,40586,1015,1598,4265948
NJ,2012,corrections,15320,95517491,139,205183,8905,15373,15459,95722674
NJ,2012,highways,13792,73502250,903,1275581,79807,14250,14695,74777831
NJ,2012,air transportation,17,100540,3,3443,265,18,20,103983
NJ,2012,water transport and terminals,92,455410,7,12176,794,96,99,467586
NJ,2012,public welfare,17672,88917006,1108,1733500,93250,18231,18780,90650506
NJ,2012,health,7429,41218588,2075,4112185,134791,8233,9504,45330773
NJ,2012,hospitals,18080,85126588,2940,6305444,285414,19895,21020,91432032
NJ,2012,social insurance administration,1583,7951203,233,669622,33019,1796,1816,8620825
NJ,2012,solid waste management,4830,23023322,511,572703,41391,5070,5341,23596025
NJ,2012,sewerage,4195,23445901,385,296659,15332,4276,4580,23742560
NJ,2012,parks and recreation,4803,22277059,4925,3819590,280564,6446,9728,26096649
NJ,2012,housing and community development,3096,14422744,726,929404,53025,3404,3822,15352148
NJ,2012,natural resources,2205,12680097,361,559144,25880,2367,2566,13239241
NJ,2012,water transport and terminals,2105,10794638,198,205207,8464,2150,2303,10999845
NJ,2012,electric power,175,1155031,36,44854,2085,187,211,1199885
NJ,2012,gas supply,0,0,0,0,0,0,0,0
NJ,2012,transit,11697,56026496,1065,1749288,88989,12203,12762,57775784
NJ,2012,education total,239549,1385781248,85724,107264472,5515791,273329,325273,1493045720
NJ,2012,education - elementary and secondary total,203069,1146098771,53521,61574436,3508949,224506,256590,1207673207
NJ,2012,education - elementary and secondary instructional,155273,965959313,29467,34895466,1805292,166401,184740,1000854779
NJ,2012,education - elementary and secondary other,47796,180139458,24054,26678970,1703657,58105,71850,206818428
NJ,2012,education - higher education total,34122,225413359,31529,44459227,1940320,46036,65651,269872586
NJ,2012,education - higher education instructional,9916,98896831,14157,22838375,707808,14300,24073,121735206
NJ,2012,education - higher education other,24206,126516528,17372,21620852,1232512,31736,41578,148137380
NJ,2012,education - other,2358,14269118,674,1230809,66522,2787,3032,15499927
NJ,2012,libraries,3426,14077234,3635,3334643,240142,4823,7061,17411877
NJ,2012,liquor stores,0,0,0,0,0,0,0,0
NJ,2012,other and unallocable,13253,69423996,2991,3187290,155649,14158,16244,72611286
NM,2012,total,112629,436765112,29750,31229059,1871850,123526,142379,467994171
NM,2012,financial administration,3237,12720256,109,146223,10284,3294,3346,12866479
NM,2012,other government administration,1885,7561949,338,215690,13997,1958,2223,7777639
NM,2012,judicial and legal,3558,15210571,220,259063,16807,3650,3778,15469634
NM,2012,police protection total,5844,27575852,361,301373,23441,5977,6205,27877225
NM,2012,police protection - officers,4383,22396389,20,25620,1306,4391,4403,22422009
NM,2012,police protection - other,1461,5179463,341,275753,22135,1586,1802,5455216
NM,2012,fire protection total,2370,12171320,289,84038,6011,2402,2659,12255358
NM,2012,fire protection - firefighters,2270,11730505,262,72268,5142,2298,2532,11802773
NM,2012,fire protection - other,100,440815,27,11770,869,104,127,452585
NM,2012,corrections,6016,20007081,83,170601,10028,6073,6099,20177682
NM,2012,highways,3985,14009116,38,56422,3283,4003,4023,14065538
NM,2012,air transportation,319,1423066,22,33013,1717,329,341,1456079
NM,2012,water transport and terminals,0,0,0,0,0,0,0,0
NM,2012,public welfare,2257,7743331,462,426414,39843,2481,2719,8169745
NM,2012,health,2672,9037907,136,356939,16199,2764,2808,9394846
NM,2012,hospitals,7781,34774935,1266,2907973,158124,8773,9047,37682908
NM,2012,social insurance administration,527,1760372,0,0,0,527,527,1760372
NM,2012,solid waste management,1241,4158495,65,54760,4867,1270,1306,4213255
NM,2012,sewerage,695,2596337,20,18996,1450,704,715,2615333
NM,2012,parks and recreation,2100,6391548,933,687320,70829,2499,3033,7078868
NM,2012,housing and community development,446,1774553,25,35040,1801,455,471,1809593
NM,2012,natural resources,1398,5253699,160,103624,7057,1432,1558,5357323
NM,2012,water transport and terminals,994,3641307,53,46739,4152,1016,1047,3688046
NM,2012,electric power,233,1184921,0,0,0,233,233,1184921
NM,2012,gas supply,109,385507,4,774,70,109,113,386281
NM,2012,transit,721,2596291,63,93584,7654,764,784,2689875
NM,2012,education total,59572,228684894,24622,24760307,1436909,67937,84194,253445201
NM,2012,education - elementary and secondary total,43282,141337885,8178,6475524,470159,46182,51460,147813409
NM,2012,education - elementary and secondary instructional,31916,113542783,4356,3664255,250864,33462,36272,117207038
NM,2012,education - elementary and secondary other,11366,27795102,3822,2811269,219295,12720,15188,30606371
NM,2012,education - higher education total,15465,84067144,16385,18241418,964072,20914,31850,102308562
NM,2012,education - higher education instructional,4423,33977734,5334,8829087,262945,5909,9757,42806821
NM,2012,education - higher education other,11042,50089410,11051,9412331,701127,15005,22093,59501741
NM,2012,education - other,825,3279865,59,43365,2678,841,884,3323230
NM,2012,libraries,460,1435663,264,275769,20654,574,724,1711432
NM,2012,liquor stores,0,0,0,0,0,0,0,0
NM,2012,other and unallocable,4209,14666141,217,194397,16673,4302,4426,14860538
NY,2012,total,1075989,6017423411,244821,320134744,15300835,1168457,1320810,6337558155
NY,2012,financial administration,24152,126428464,3358,4356470,215946,25359,27510,130784934
NY,2012,other government administration,15232,68934800,13196,11090148,575786,18512,28428,80024948
NY,2012,judicial and legal,29283,190290991,4829,7914096,309223,31025,34112,198205087
NY,2012,police protection total,81535,592052073,9172,11874759,643286,85244,90707,603926832
NY,2012,police protection - officers,71167,535147842,4941,7042129,321269,73024,76108,542189971
NY,2012,police protection - other,10368,56904231,4231,4832630,322017,12220,14599,61736861
NY,2012,fire protection total,23195,175105437,2381,2443976,121099,23854,25576,177549413
NY,2012,fire protection - firefighters,20654,157865437,667,715250,37790,20868,21321,158580687
NY,2012,fire protection - other,2541,1724e4,1714,1728726,83309,2986,4255,18968726
NY,2012,corrections,51951,304558113,1074,2362620,98657,52538,53025,306920733
NY,2012,highways,34946,168965303,2593,3033045,203120,36093,37539,171998348
NY,2012,air transportation,1654,10347394,49,66915,5149,1686,1703,10414309
NY,2012,water transport and terminals,827,5124390,36,60628,2578,843,863,5185018
NY,2012,public welfare,47870,209467938,3875,5849833,335604,49882,51745,215317771
NY,2012,health,24251,129523062,2743,5940085,211173,25458,26994,135463147
NY,2012,hospitals,87766,475824112,8648,26310534,959034,93269,96414,502134646
NY,2012,social insurance administration,8276,42132804,65,197155,7980,8322,8341,42329959
NY,2012,solid waste management,13417,81352502,927,1162161,85585,13902,14344,82514663
NY,2012,sewerage,6028,30797823,349,389890,23978,6164,6377,31187713
NY,2012,parks and recreation,11004,49020126,8171,6840439,568079,14279,19175,55860565
NY,2012,housing and community development,15804,79912355,658,833726,43756,16054,16462,80746081
NY,2012,natural resources,3173,16497092,116,129996,5915,3208,3289,16627088
NY,2012,water transport and terminals,5981,32343715,574,585704,32031,6147,6555,32929419
NY,2012,electric power,2157,16065925,61,135730,4782,2183,2218,16201655
NY,2012,gas supply,9,40886,2,1800,171,10,11,42686
NY,2012,transit,61442,406081966,717,1215479,75356,61877,62159,407297445
NY,2012,education total,488953,2599178034,164605,211119424,9783596,549617,653558,2810297458
NY,2012,education - elementary and secondary total,424722,2231542005,99055,126805433,7127607,468978,523777,2358347438
NY,2012,education - elementary and secondary instructional,312435,1852405724,56437,79354825,4090718,337977,368872,1931760549
NY,2012,education - elementary and secondary other,112287,379136281,42618,47450608,3036889,131001,154905,426586889
NY,2012,education - higher education total,59617,347452395,65425,84044256,2645125,75964,125042,431496651
NY,2012,education - higher education instructional,22076,158762738,36570,55746199,1207553,29559,58646,214508937
NY,2012,education - higher education other,37541,188689657,28855,28298057,1437572,46405,66396,216987714
NY,2012,education - other,4614,20183634,125,269735,10864,4675,4739,20453369
NY,2012,libraries,6526,28534399,9147,8302721,569560,9979,15673,36837120
NY,2012,liquor stores,0,0,0,0,0,0,0,0
NY,2012,other and unallocable,30557,178843707,7475,7917410,419391,32952,38032,186761117
NC,2012,total,505637,1940804825,147671,156014287,9414856,559643,653308,2096819112
NC,2012,financial administration,10231,42086243,629,702817,40890,10460,10860,42789060
NC,2012,other government administration,6011,24851588,2808,2080851,108163,6605,8819,26932439
NC,2012,judicial and legal,7461,34985576,668,580379,18583,7565,8129,35565955
NC,2012,police protection total,27012,106655668,1803,1718922,121041,27696,28815,108374590
NC,2012,police protection - officers,22035,89902704,1022,1015395,71114,22437,23057,90918099
NC,2012,police protection - other,4977,16752964,781,703527,49927,5259,5758,17456491
NC,2012,fire protection total,8562,33411738,1570,742236,71463,8963,10132,34153974
NC,2012,fire protection - firefighters,8163,31783219,1491,680890,67104,8540,9654,32464109
NC,2012,fire protection - other,399,1628519,79,61346,4359,423,478,1689865
NC,2012,corrections,25798,80168196,518,461002,28618,25960,26316,80629198
NC,2012,highways,14774,53050543,336,359742,32638,14959,15110,53410285
NC,2012,air transportation,958,3948775,326,306105,22673,1086,1284,4254880
NC,2012,water transport and terminals,234,994611,4,6200,407,236,238,1000811
NC,2012,public welfare,16338,53702091,1154,1544737,100769,16915,17492,55246828
NC,2012,health,17016,62312422,2364,3220775,186489,18079,19380,65533197
NC,2012,hospitals,61856,307366666,14457,22034641,987180,67478,76313,329401307
NC,2012,social insurance administration,2695,11327481,94,100513,1293,2702,2789,11427994
NC,2012,solid waste management,4303,12975865,1191,947555,103094,4894,5494,13923420
NC,2012,sewerage,3669,13117279,104,149086,8457,3717,3773,13266365
NC,2012,parks and recreation,5264,17878027,5985,3690114,353060,7279,11249,21568141
NC,2012,housing and community development,2743,9966315,242,266674,19718,2852,2985,10232989
NC,2012,natural resources,5216,19656097,145,171454,11465,5283,5361,19827551
NC,2012,water transport and terminals,5237,18388717,259,239493,15953,5326,5496,18628210
NC,2012,electric power,1401,6773034,44,81614,3783,1422,1445,6854648
NC,2012,gas supply,145,559520,1,2281,164,146,146,561801
NC,2012,transit,1420,4534032,726,906243,81673,1887,2146,5440275
NC,2012,education total,259127,954039859,107548,111750367,6756285,298019,366675,1065790226
NC,2012,education - elementary and secondary total,193302,627095711,44759,39104742,2752714,209475,238061,666200453
NC,2012,education - elementary and secondary instructional,147308,520759199,26180,20985684,1313469,155009,173488,541744883
NC,2012,education - elementary and secondary other,45994,106336512,18579,18119058,1439245,54466,64573,124455570
NC,2012,education - higher education total,62676,313058649,62573,72485135,4002009,85386,125249,385543784
NC,2012,education - higher education instructional,22369,148765285,30136,44578236,1870037,32991,52505,193343521
NC,2012,education - higher education other,40307,164293364,32437,27906899,2131972,52395,72744,192200263
NC,2012,education - other,3149,13885499,216,160490,1562,3158,3365,14045989
NC,2012,libraries,2219,7076439,1300,1055984,94654,2762,3519,8132423
NC,2012,liquor stores,0,0,0,0,0,0,0,0
NC,2012,other and unallocable,15947,60978043,3395,2894502,246343,17352,19342,63872545
ND,2012,total,37149,148895143,25393,19911252,1329867,44517,62542,168806395
ND,2012,financial administration,1347,5088518,1479,333963,24624,1453,2826,5422481
ND,2012,other government administration,504,1820117,5526,597184,30612,614,6030,2417301
ND,2012,judicial and legal,813,3794101,208,164958,7842,851,1021,3959059
ND,2012,police protection total,1578,6560202,98,94898,5192,1606,1676,6655100
ND,2012,police protection - officers,1306,5703616,71,65295,2963,1322,1377,5768911
ND,2012,police protection - other,272,856586,27,29603,2229,284,299,886189
ND,2012,fire protection total,350,1615288,267,46549,3309,364,617,1661837
ND,2012,fire protection - firefighters,336,1554694,230,39206,2682,348,566,1593900
ND,2012,fire protection - other,14,60594,37,7343,627,16,51,67937
ND,2012,corrections,1257,4418389,156,292518,13443,1334,1413,4710907
ND,2012,highways,2122,8719420,303,190026,13140,2183,2425,8909446
ND,2012,air transportation,97,418755,30,15001,1239,102,127,433756
ND,2012,water transport and terminals,0,0,0,0,0,0,0,0
ND,2012,public welfare,1291,4461036,306,419997,28034,1448,1597,4881033
ND,2012,health,1689,6281717,713,800488,48208,1962,2402,7082205
ND,2012,hospitals,883,2557865,152,205309,7855,928,1035,2763174
ND,2012,social insurance administration,326,1252239,77,96428,5635,358,403,1348667
ND,2012,solid waste management,274,961818,73,60018,4581,299,347,1021836
ND,2012,sewerage,173,652154,66,34667,2449,183,239,686821
ND,2012,parks and recreation,619,2149603,1696,837247,78426,1058,2315,2986850
ND,2012,housing and community development,246,903023,129,120392,9090,296,375,1023415
ND,2012,natural resources,735,2983157,261,156825,9415,790,996,3139982
ND,2012,water transport and terminals,403,1545121,167,103749,7973,444,570,1648870
ND,2012,electric power,117,753006,11,10356,494,118,128,763362
ND,2012,gas supply,0,0,0,0,0,0,0,0
ND,2012,transit,37,126182,21,34391,2208,49,58,160573
ND,2012,education total,20461,84065712,12819,14664499,978576,25989,33280,98730211
ND,2012,education - elementary and secondary total,13289,50131111,4452,7263631,489167,16051,17741,57394742
ND,2012,education - elementary and secondary instructional,10327,40598547,2467,4655941,315104,12101,12794,45254488
ND,2012,education - elementary and secondary other,2962,9532564,1985,2607690,174063,3950,4947,12140254
ND,2012,education - higher education total,6846,32755966,8324,7335597,486612,9597,15170,40091563
ND,2012,education - higher education instructional,2233,14820422,2571,3939010,175930,3226,4804,18759432
ND,2012,education - higher education other,4613,17935544,5753,3396587,310682,6371,10366,21332131
ND,2012,education - other,326,1178635,43,65271,2797,341,369,1243906
ND,2012,libraries,80,282917,167,177314,14911,161,247,460231
ND,2012,liquor stores,0,0,0,0,0,0,0,0
ND,2012,other and unallocable,1747,7484803,668,454475,32611,1927,2415,7939278
OH,2012,total,503775,2178533941,212831,235842827,14247042,585914,716606,2414376768
OH,2012,financial administration,13458,61858520,2024,3066805,172476,14372,15482,64925325
OH,2012,other government administration,8647,30862727,10260,6523752,333772,10506,18907,37386479
OH,2012,judicial and legal,18898,73718114,2964,5030337,222442,20139,21862,78748451
OH,2012,police protection total,29065,144762329,5003,4769863,351460,31057,34068,149532192
OH,2012,police protection - officers,22064,117889242,2587,2685229,200447,23195,24651,120574471
OH,2012,police protection - other,7001,26873087,2416,2084634,151013,7862,9417,28957721
OH,2012,fire protection total,13876,77614122,12354,8924633,697659,17818,26230,86538755
OH,2012,fire protection - firefighters,13203,74932069,11888,8639871,676223,17029,25091,83571940
OH,2012,fire protection - other,673,2682053,466,284762,21436,789,1139,2966815
OH,2012,corrections,21164,86257220,620,818275,54169,21465,21784,87075495
OH,2012,highways,17605,74333341,2260,3525919,248115,19004,19865,77859260
OH,2012,air transportation,1033,4728493,144,143998,11211,1095,1177,4872491
OH,2012,water transport and terminals,46,216736,16,20921,1112,52,62,237657
OH,2012,public welfare,22565,81182466,3300,4984566,309334,24334,25865,86167032
OH,2012,health,16157,66947115,4334,5414791,354308,18179,20491,72361906
OH,2012,hospitals,21090,103733037,9761,25087204,994201,26740,30851,128820241
OH,2012,social insurance administration,1988,8506918,213,324845,18996,2110,2201,8831763
OH,2012,solid waste management,2374,8500746,310,461089,31034,2552,2684,8961835
OH,2012,sewerage,6028,26132056,361,517067,30836,6199,6389,26649123
OH,2012,parks and recreation,5817,23054425,7850,6167224,531298,8819,13667,29221649
OH,2012,housing and community development,4434,16723460,515,471211,29389,4605,4949,17194671
OH,2012,natural resources,3051,12668541,535,905744,54557,3364,3586,13574285
OH,2012,water transport and terminals,6820,27975932,557,634179,43116,7053,7377,28610111
OH,2012,electric power,1303,6385648,33,36024,2463,1316,1336,6421672
OH,2012,gas supply,41,184368,0,0,0,41,41,184368
OH,2012,transit,5484,23729094,741,1046713,80356,5938,6225,24775807
OH,2012,education total,266126,1152060207,139793,147931981,8972439,318380,405919,1299992188
OH,2012,education - elementary and secondary total,212021,864718626,63924,69770815,4724537,240229,275945,934489441
OH,2012,education - elementary and secondary instructional,146164,681859874,31123,35199985,2088790,158695,177287,717059859
OH,2012,education - elementary and secondary other,65857,182858752,32801,34570830,2635747,81534,98658,217429582
OH,2012,education - higher education total,52184,277358913,75694,77866363,4234761,76155,127878,355225276
OH,2012,education - higher education instructional,17474,125537172,27091,39865277,1443943,25663,44565,165402449
OH,2012,education - higher education other,34710,151821741,48603,38001086,2790818,50492,83313,189822827
OH,2012,education - other,1921,9982668,175,294803,13141,1996,2096,10277471
OH,2012,libraries,5739,19760995,5803,6105137,500273,8669,11542,25866132
OH,2012,liquor stores,0,0,0,0,0,0,0,0
OH,2012,other and unallocable,10966,46637331,3080,2930549,202026,12107,14046,49567880
OK,2012,total,195492,669123052,52330,42116761,2787109,211401,247822,711239813
OK,2012,financial administration,4241,14559704,487,372050,29014,4391,4728,14931754
OK,2012,other government administration,2879,11633484,1528,605719,39516,3071,4407,12239203
OK,2012,judicial and legal,4034,15837458,523,446033,26841,4161,4557,16283491
OK,2012,police protection total,10627,43435378,1018,733164,67194,11000,11645,44168542
OK,2012,police protection - officers,7706,34599763,443,325112,29566,7866,8149,34924875
OK,2012,police protection - other,2921,8835615,575,408052,37628,3134,3496,9243667
OK,2012,fire protection total,4258,22478036,1152,169973,14641,4335,5410,22648009
OK,2012,fire protection - firefighters,4130,21981727,1054,151487,13053,4197,5184,22133214
OK,2012,fire protection - other,128,496309,98,18486,1588,138,226,514795
OK,2012,corrections,6546,20957775,177,227301,14766,6632,6723,21185076
OK,2012,highways,7989,24719387,338,322275,27295,8145,8327,25041662
OK,2012,air transportation,306,1187723,34,30814,3079,324,340,1218537
OK,2012,water transport and terminals,15,82589,1,2591,164,16,16,85180
OK,2012,public welfare,5799,16372829,76,71654,6292,5835,5875,16444483
OK,2012,health,6462,23602472,847,1148982,67615,6839,7309,24751454
OK,2012,hospitals,10821,43858328,2356,3896714,200246,11953,13177,47755042
OK,2012,social insurance administration,1310,4574663,93,259541,8825,1360,1403,4834204
OK,2012,solid waste management,1150,3424254,134,113367,12443,1222,1284,3537621
OK,2012,sewerage,1169,3616306,68,58398,5297,1198,1237,3674704
OK,2012,parks and recreation,1870,5538283,1029,848129,86808,2362,2899,6386412
OK,2012,housing and community development,1412,4505344,197,195354,16290,1506,1609,4700698
OK,2012,natural resources,1834,6315581,898,778662,48896,2110,2732,7094243
OK,2012,water transport and terminals,2938,9354543,400,351694,27756,3085,3338,9706237
OK,2012,electric power,981,4755341,18,26110,1738,993,999,4781451
OK,2012,gas supply,56,155035,2,4114,190,57,58,159149
OK,2012,transit,207,672247,23,33777,3181,225,230,706024
OK,2012,education total,112467,366454128,39324,30149254,1976063,123889,151791,396603382
OK,2012,education - elementary and secondary total,88223,260484668,15485,10277625,839570,93204,103708,270762293
OK,2012,education - elementary and secondary instructional,62218,206010922,9225,5953410,424427,64748,71443,211964332
OK,2012,education - elementary and secondary other,26005,54473746,6260,4324215,415143,28456,32265,58797961
OK,2012,education - higher education total,22523,99941471,23751,19792435,1131761,28937,46274,119733906
OK,2012,education - higher education instructional,6449,42336309,6583,8545534,292318,8107,13032,50881843
OK,2012,education - higher education other,16074,57605162,17168,11246901,839443,20830,33242,68852063
OK,2012,education - other,1721,6027989,88,79194,4732,1748,1809,6107183
OK,2012,libraries,1006,3422175,1014,779374,65465,1370,2020,4201549
OK,2012,liquor stores,0,0,0,0,0,0,0,0
OK,2012,other and unallocable,5115,17609989,593,491717,37494,5322,5708,18101706
OR,2012,total,161520,757179685,82003,116368920,5457466,192550,243523,873548605
OR,2012,financial administration,6667,32087453,435,895148,37565,6877,7102,32982601
OR,2012,other government administration,3455,17807772,813,1314752,56744,3785,4268,19122524
OR,2012,judicial and legal,4406,21387809,487,1022586,38002,4611,4893,22410395
OR,2012,police protection total,8729,50159798,550,962988,44165,8979,9279,51122786
OR,2012,police protection - officers,5912,36906645,178,255199,10506,5971,6090,37161844
OR,2012,police protection - other,2817,13253153,372,707789,33659,3008,3189,13960942
OR,2012,fire protection total,3691,25518119,1608,673099,43350,3919,5299,26191218
OR,2012,fire protection - firefighters,3261,23018725,1349,419061,29653,3420,4610,23437786
OR,2012,fire protection - other,430,2499394,259,254038,13697,499,689,2753432
OR,2012,corrections,8202,37780174,532,914253,36063,8406,8734,38694427
OR,2012,highways,6860,32635272,406,842205,42094,7101,7266,33477477
OR,2012,air transportation,433,2489612,37,54209,3188,449,470,2543821
OR,2012,water transport and terminals,209,1098393,29,34955,2448,223,238,1133348
OR,2012,public welfare,7899,27968345,578,944642,47249,8166,8477,28912987
OR,2012,health,6083,26450771,1409,2876674,112896,6720,7492,29327445
OR,2012,hospitals,6891,35814800,4397,19983201,521770,9897,11288,55798001
OR,2012,social insurance administration,2169,12221643,46,245429,5349,2199,2215,12467072
OR,2012,solid waste management,446,1792939,111,152004,8714,495,557,1944943
OR,2012,sewerage,1727,8933933,158,226013,9903,1779,1885,9159946
OR,2012,parks and recreation,2521,10944527,4820,3322881,257797,3988,7341,14267408
OR,2012,housing and community development,1034,4645980,116,181359,9345,1086,1150,4827339
OR,2012,natural resources,2972,12436970,406,748857,31321,3145,3378,13185827
OR,2012,water transport and terminals,2030,10322391,260,446584,18572,2131,2290,10768975
OR,2012,electric power,673,5228135,56,129052,4008,696,729,5357187
OR,2012,gas supply,0,0,0,0,0,0,0,0
OR,2012,transit,2822,15079453,414,1043356,54756,3133,3236,16122809
OR,2012,education total,75748,335562338,62168,76280859,3898009,97937,137916,411843197
OR,2012,education - elementary and secondary total,51534,203695809,31778,42090038,2393961,65227,83312,245785847
OR,2012,education - elementary and secondary instructional,36812,158976773,19496,26918380,1471700,45220,56308,185895153
OR,2012,education - elementary and secondary other,14722,44719036,12282,15171658,922261,20007,27004,59890694
OR,2012,education - higher education total,23572,128984179,30341,34119464,1501397,32052,53913,163103643
OR,2012,education - higher education instructional,11963,82383489,9128,17275810,413796,14300,21091,99659299
OR,2012,education - higher education other,11609,46600690,21213,16843654,1087601,17752,32822,63444344
OR,2012,education - other,642,2882350,49,71357,2651,658,691,2953707
OR,2012,libraries,1061,4502674,1388,1861159,114018,1704,2449,6363833
OR,2012,liquor stores,200,819865,7,9475,560,203,207,829340
OR,2012,other and unallocable,4592,23490519,772,1203180,59580,4921,5364,24693699
PA,2012,total,507455,2298460214,185866,230173112,12094328,577900,693321,2528633326
PA,2012,financial administration,13427,54878356,5196,5464627,306022,15115,18623,60342983
PA,2012,other government administration,11008,43863524,11182,5919938,275148,12461,22190,49783462
PA,2012,judicial and legal,17143,72908129,1488,1816988,98441,17717,18631,74725117
PA,2012,police protection total,29288,170514364,8858,8520614,589322,32659,38146,179034978
PA,2012,police protection - officers,24789,150756644,4173,4375911,335718,26705,28962,155132555
PA,2012,police protection - other,4499,19757720,4685,4144703,253604,5954,9184,23902423
PA,2012,fire protection total,5048,29831710,683,463859,38029,5259,5731,30295569
PA,2012,fire protection - firefighters,4747,28564712,606,394867,33794,4937,5353,28959579
PA,2012,fire protection - other,301,1266998,77,68992,4235,322,378,1335990
PA,2012,corrections,30935,130159566,1641,3599723,133438,31733,32576,133759289
PA,2012,highways,21994,84136956,5837,9377145,414684,24393,27831,93514101
PA,2012,air transportation,1654,6756762,214,230982,15903,1743,1868,6987744
PA,2012,water transport and terminals,270,1341658,69,154630,5060,301,339,1496288
PA,2012,public welfare,27468,97896679,4225,7062435,354570,29571,31693,104959114
PA,2012,health,7405,30695557,866,1670625,41132,7641,8271,32366182
PA,2012,hospitals,10785,36732281,1802,3164729,108935,11427,12587,39897010
PA,2012,social insurance administration,3848,15565758,777,2254409,78344,4320,4625,17820167
PA,2012,solid waste management,2894,10316687,445,448028,37479,3107,3339,10764715
PA,2012,sewerage,6007,25966732,1392,913414,58921,6326,7399,26880146
PA,2012,parks and recreation,3959,16123895,4074,5025835,299392,5716,8033,21149730
PA,2012,housing and community development,4863,19897700,305,349576,29577,5042,5168,20247276
PA,2012,natural resources,5503,24935854,2683,5358747,177358,6536,8186,30294601
PA,2012,water transport and terminals,4974,21689303,878,592617,40337,5196,5852,22281920
PA,2012,electric power,115,554941,27,14455,796,120,142,569396
PA,2012,gas supply,1664,8348539,11,17489,569,1667,1675,8366028
PA,2012,transit,11682,66671468,579,766040,56796,12007,12261,67437508
PA,2012,education total,270132,1267445925,126257,158649727,8462097,319694,396389,1426095652
PA,2012,education - elementary and secondary total,214864,971460695,66662,78343292,5563671,247639,281526,1049803987
PA,2012,education - elementary and secondary instructional,160996,796028018,33455,38265452,2597370,176367,194451,834293470
PA,2012,education - elementary and secondary other,53868,175432677,33207,40077840,2966301,71272,87075,215510517
PA,2012,education - higher education total,51035,278958677,59188,79382533,2867997,67641,110223,358341210
PA,2012,education - higher education instructional,17574,136490137,21591,50015642,1291057,25021,39165,186505779
PA,2012,education - higher education other,33461,142468540,37597,29366891,1576940,42620,71058,171835431
PA,2012,education - other,4233,17026553,407,923902,30429,4414,4640,17950455
PA,2012,libraries,1233,4604172,1105,971305,77205,1678,2338,5575477
PA,2012,liquor stores,3113,10578380,2303,4509287,215038,4408,5416,15087667
PA,2012,other and unallocable,11043,46045318,2969,2855888,179735,12063,14012,48901206
RI,2012,total,44585,236241953,13768,13736473,652880,48689,58353,249978426
RI,2012,financial administration,1397,6805881,84,88817,6468,1433,1481,6894698
RI,2012,other government administration,1281,6158032,618,458211,12244,1358,1899,6616243
RI,2012,judicial and legal,1208,6985979,66,99661,3238,1226,1274,7085640
RI,2012,police protection total,2966,16870529,354,309772,17970,3068,3320,17180301
RI,2012,police protection - officers,2420,14726373,16,17752,854,2425,2436,14744125
RI,2012,police protection - other,546,2144156,338,292020,17116,643,884,2436176
RI,2012,fire protection total,2034,11775119,340,203203,15104,2119,2374,11978322
RI,2012,fire protection - firefighters,1936,11347427,291,153104,11893,2002,2227,11500531
RI,2012,fire protection - other,98,427692,49,50099,3211,117,147,477791
RI,2012,corrections,1570,10128430,0,0,0,1570,1570,10128430
RI,2012,highways,1490,7043290,72,85628,5578,1522,1562,7128918
RI,2012,air transportation,150,921001,1,1063,18,150,151,922064
RI,2012,water transport and terminals,2,5538,3,5199,288,3,5,10737
RI,2012,public welfare,1285,7320813,107,125379,8107,1331,1392,7446192
RI,2012,health,956,5275906,45,43732,3236,977,1001,5319638
RI,2012,hospitals,789,4231349,3,16423,368,791,792,4247772
RI,2012,social insurance administration,439,2179911,19,65262,2321,454,458,2245173
RI,2012,solid waste management,204,955121,8,12701,691,210,212,967822
RI,2012,sewerage,440,2033810,6,8443,468,442,446,2042253
RI,2012,parks and recreation,373,1451186,320,201523,16022,465,693,1652709
RI,2012,housing and community development,648,2749594,122,178996,11860,718,770,2928590
RI,2012,natural resources,385,2191502,4,2045,113,386,389,2193547
RI,2012,water transport and terminals,562,2523764,20,24712,1281,570,582,2548476
RI,2012,electric power,18,92854,0,0,0,18,18,92854
RI,2012,gas supply,0,0,0,0,0,0,0,0
RI,2012,transit,776,3571067,33,90462,4867,803,809,3661529
RI,2012,education total,23218,122443406,10900,11130800,501686,26443,34118,133574206
RI,2012,education - elementary and secondary total,18773,99129174,4452,5113546,287268,20614,23225,104242720
RI,2012,education - elementary and secondary instructional,15342,87649432,2894,3453745,182199,16514,18236,91103177
RI,2012,education - elementary and secondary other,3431,11479742,1558,1659801,105069,4100,4989,13139543
RI,2012,education - higher education total,3953,20412191,6435,5991524,213244,5329,10388,26403715
RI,2012,education - higher education instructional,1339,8503933,2206,3685986,76011,1829,3545,12189919
RI,2012,education - higher education other,2614,11908258,4229,2305538,137233,3500,6843,14213796
RI,2012,education - other,492,2902041,13,25730,1174,500,505,2927771
RI,2012,libraries,258,972856,385,337748,25002,403,643,1310604
RI,2012,liquor stores,0,0,0,0,0,0,0,0
RI,2012,other and unallocable,2136,11555015,258,246693,15950,2229,2394,11801708
SC,2012,total,238040,857552677,49788,53667641,3349746,257721,287828,911220318
SC,2012,financial administration,6522,22356802,376,464912,30659,6700,6898,22821714
SC,2012,other government administration,3173,11492394,1714,1183741,72792,3587,4887,12676135
SC,2012,judicial and legal,4310,15871673,589,731111,46263,4567,4899,16602784
SC,2012,police protection total,13504,46405144,833,815175,61475,13866,14337,47220319
SC,2012,police protection - officers,10880,38426635,353,418730,29357,11052,11233,38845365
SC,2012,police protection - other,2624,7978509,480,396445,32118,2814,3104,8374954
SC,2012,fire protection total,5317,18370739,686,352686,31401,5495,6003,18723425
SC,2012,fire protection - firefighters,4843,16598217,657,318453,29142,5009,5500,16916670
SC,2012,fire protection - other,474,1772522,29,34233,2259,486,503,1806755
SC,2012,corrections,11739,32463014,139,187724,12351,11813,11878,32650738
SC,2012,highways,7137,22139288,176,175748,14517,7215,7313,22315036
SC,2012,air transportation,486,1939361,71,85521,6635,524,557,2024882
SC,2012,water transport and terminals,488,2672439,5,9663,321,490,493,2682102
SC,2012,public welfare,5049,13748e3,91,96801,8310,5096,5140,13844801
SC,2012,health,7625,26008696,863,1441418,82357,8113,8488,27450114
SC,2012,hospitals,26427,118880634,5546,11736356,477996,29183,31973,130616990
SC,2012,social insurance administration,1397,4259150,109,178254,12176,1470,1506,4437404
SC,2012,solid waste management,2180,5575783,979,903680,95227,2727,3159,6479463
SC,2012,sewerage,2140,7579435,36,42891,2801,2156,2176,7622326
SC,2012,parks and recreation,3262,9363249,2585,1880142,185300,4326,5847,11243391
SC,2012,housing and community development,1251,4397867,107,114383,9399,1307,1358,4512250
SC,2012,natural resources,2039,6506990,245,262027,23889,2185,2284,6769017
SC,2012,water transport and terminals,2835,10460002,102,82467,6079,2868,2937,10542469
SC,2012,electric power,2081,11980414,14,43321,1924,2092,2095,12023735
SC,2012,gas supply,354,1488395,9,14382,1031,359,363,1502777
SC,2012,transit,442,1156515,155,188562,14791,526,597,1345077
SC,2012,education total,122634,444614395,33015,31485853,2050267,134824,155649,476100248
SC,2012,education - elementary and secondary total,96272,318815038,13691,12198105,903390,101613,109963,331013143
SC,2012,education - elementary and secondary instructional,68167,253252721,9104,7655099,539818,71375,77271,260907820
SC,2012,education - elementary and secondary other,28105,65562317,4587,4543006,363572,30238,32692,70105323
SC,2012,education - higher education total,23484,115644477,19149,19035830,1133463,30253,42633,134680307
SC,2012,education - higher education instructional,8383,53721073,7894,10254855,447702,11057,16277,63975928
SC,2012,education - higher education other,15101,61923404,11255,8780975,685761,19196,26356,70704379
SC,2012,education - other,2878,10154880,175,251918,13414,2958,3053,10406798
SC,2012,libraries,1380,4097610,932,774423,70368,1788,2312,4872033
SC,2012,liquor stores,0,0,0,0,0,0,0,0
SC,2012,other and unallocable,4268,13724688,411,416400,31417,4444,4679,14141088
SD,2012,total,39692,137678079,21689,13664271,961759,45040,61381,151342350
SD,2012,financial administration,1358,4892952,895,303665,23017,1465,2253,5196617
SD,2012,other government administration,761,2641579,4398,650278,35258,905,5159,3291857
SD,2012,judicial and legal,853,3711534,169,253671,14381,932,1022,3965205
SD,2012,police protection total,1867,7029040,251,226597,15872,1955,2118,7255637
SD,2012,police protection - officers,1484,5853190,101,112650,7558,1525,1585,5965840
SD,2012,police protection - other,383,1175850,150,113947,8314,430,533,1289797
SD,2012,fire protection total,437,1717298,68,11402,757,439,505,1728700
SD,2012,fire protection - firefighters,424,1659553,44,9889,622,426,468,1669442
SD,2012,fire protection - other,13,57745,24,1513,135,13,37,59258
SD,2012,corrections,1472,4785503,155,144377,11466,1536,1627,4929880
SD,2012,highways,2308,7923823,321,250450,19463,2413,2629,8174273
SD,2012,air transportation,61,188184,33,26461,1395,69,94,214645
SD,2012,water transport and terminals,0,0,0,0,0,0,0,0
SD,2012,public welfare,1827,6145428,301,409261,27198,1980,2128,6554689
SD,2012,health,785,3112750,550,666357,36990,994,1335,3779107
SD,2012,hospitals,683,2352310,240,417291,21651,808,923,2769601
SD,2012,social insurance administration,277,906323,5,4922,323,279,282,911245
SD,2012,solid waste management,214,641838,128,72101,6385,243,342,713939
SD,2012,sewerage,239,976746,116,42594,2702,248,355,1019340
SD,2012,parks and recreation,465,1683692,1099,492841,46711,730,1564,2176533
SD,2012,housing and community development,131,436910,75,57276,4347,156,206,494186
SD,2012,natural resources,1076,4066258,683,592810,41204,1306,1759,4659068
SD,2012,water transport and terminals,327,1256752,108,45502,3511,341,435,1302254
SD,2012,electric power,153,772434,17,14160,863,157,170,786594
SD,2012,gas supply,14,78795,4,2741,172,15,18,81536
SD,2012,transit,24,66362,41,31955,2919,41,65,98317
SD,2012,education total,22445,76069948,11182,8467430,601753,25871,33627,84537378
SD,2012,education - elementary and secondary total,17599,55297500,5941,4854166,367997,19702,23540,60151666
SD,2012,education - elementary and secondary instructional,13326,44634362,3651,3222410,237589,14679,16977,47856772
SD,2012,education - elementary and secondary other,4273,10663138,2290,1631756,130408,5023,6563,12294894
SD,2012,education - higher education total,4494,19334764,5222,3585995,231532,5804,9716,22920759
SD,2012,education - higher education instructional,1603,9615784,1037,1523699,56764,1925,2640,11139483
SD,2012,education - higher education other,2891,9718980,4185,2062296,174768,3879,7076,11781276
SD,2012,education - other,352,1437684,19,27269,2224,365,371,1464953
SD,2012,libraries,213,687650,307,182804,17388,314,520,870454
SD,2012,liquor stores,0,0,0,0,0,0,0,0
SD,2012,other and unallocable,1702,5533970,543,297325,26033,1843,2245,5831295
TN,2012,total,297439,1039402954,70278,67889452,4554363,324287,367717,1107292406
TN,2012,financial administration,7428,28776851,539,698574,53224,7730,7967,29475425
TN,2012,other government administration,4868,16798220,2899,1702328,97776,5414,7767,18500548
TN,2012,judicial and legal,6882,29206212,775,895387,54898,7195,7657,30101599
TN,2012,police protection total,19363,72382537,1732,2020838,146150,20208,21095,74403375
TN,2012,police protection - officers,15772,61656977,561,556014,43797,16018,16333,62212991
TN,2012,police protection - other,3591,10725560,1171,1464824,102353,4190,4762,12190384
TN,2012,fire protection total,7571,31495370,1092,288375,26194,7713,8663,31783745
TN,2012,fire protection - firefighters,7259,30370978,1027,265769,24361,7389,8286,30636747
TN,2012,fire protection - other,312,1124392,65,22606,1833,324,377,1146998
TN,2012,corrections,11825,34370900,356,452704,33754,12017,12181,34823604
TN,2012,highways,10370,31312708,275,319309,28564,10538,10645,31632017
TN,2012,air transportation,857,3915160,131,175842,13427,936,988,4091002
TN,2012,water transport and terminals,7,35223,1,507,15,7,8,35730
TN,2012,public welfare,8994,28698607,337,344774,30126,9173,9331,29043381
TN,2012,health,7952,29226709,1071,1709287,106571,8568,9023,30935996
TN,2012,hospitals,22503,91638981,3479,8022881,390535,24772,25982,99661862
TN,2012,social insurance administration,1266,4092690,310,581600,41826,1518,1576,4674290
TN,2012,solid waste management,2897,7921472,1092,1200434,113127,3551,3989,9121906
TN,2012,sewerage,2300,8188847,83,138530,9775,2358,2383,8327377
TN,2012,parks and recreation,3412,9947909,3341,3166869,278589,5039,6753,13114778
TN,2012,housing and community development,1926,7107836,128,174444,13375,2007,2054,7282280
TN,2012,natural resources,3768,14577811,608,799872,66598,4156,4376,15377683
TN,2012,water transport and terminals,4777,17803118,437,403149,27776,4934,5214,18206267
TN,2012,electric power,5814,30380037,129,172901,13034,5892,5943,30552938
TN,2012,gas supply,2022,8771805,68,61309,3637,2044,2090,8833114
TN,2012,transit,879,3313590,203,240845,19800,992,1082,3554435
TN,2012,education total,152389,504580123,49229,42404771,2827974,169236,201618,546984894
TN,2012,education - elementary and secondary total,124041,379758432,23622,19266493,1464060,132835,147663,399024925
TN,2012,education - elementary and secondary instructional,89290,305542780,14456,11965094,826666,94188,103746,317507874
TN,2012,education - elementary and secondary other,34751,74215652,9166,7301399,637394,38647,43917,81517051
TN,2012,education - higher education total,26358,117630727,25355,22856276,1349799,34325,51713,140487003
TN,2012,education - higher education instructional,8654,53235525,10698,12262568,544594,11895,19352,65498093
TN,2012,education - higher education other,17704,64395202,14657,10593708,805205,22430,32361,74988910
TN,2012,education - other,1990,7190964,252,282002,14115,2076,2242,7472966
TN,2012,libraries,1145,3291717,700,560392,54545,1462,1845,3852109
TN,2012,liquor stores,0,0,0,0,0,0,0,0
TN,2012,other and unallocable,6224,21568521,1263,1353530,103073,6827,7487,22922051
TX,2012,total,1305204,5059706994,266683,281618929,17609747,1405436,1571887,5341325923
TX,2012,financial administration,22589,95250092,818,895649,63861,22956,23407,96145741
TX,2012,other government administration,14853,63040542,3059,2240165,157812,15730,17912,65280707
TX,2012,judicial and legal,25793,112876859,2472,3039509,150500,26629,28265,115916368
TX,2012,police protection total,71626,335195702,3844,3286334,261120,73098,75470,338482036
TX,2012,police protection - officers,53131,270126278,1121,1524943,103065,53709,54252,271651221
TX,2012,police protection - other,18495,65069424,2723,1761391,158055,19389,21218,66830815
TX,2012,fire protection total,25511,138922223,2023,1330452,100490,26071,27534,140252675
TX,2012,fire protection - firefighters,23868,132122187,1818,1174644,90296,24374,25686,133296831
TX,2012,fire protection - other,1643,6800036,205,155808,10194,1697,1848,6955844
TX,2012,corrections,68673,213767475,1541,1915518,137279,69445,70214,215682993
TX,2012,highways,32191,117802184,1082,1527922,113173,32836,33273,119330106
TX,2012,air transportation,5103,21619895,130,164604,13160,5177,5233,21784499
TX,2012,water transport and terminals,1111,6170527,29,25092,1323,1118,1140,6195619
TX,2012,public welfare,26161,80791140,545,589859,45614,26423,26706,81380999
TX,2012,health,41321,159449571,3808,6667515,348737,43299,45129,166117086
TX,2012,hospitals,69965,322129131,10429,25938556,1003250,75665,80394,348067687
TX,2012,social insurance administration,4407,15408477,38,65352,3150,4425,4445,15473829
TX,2012,solid waste management,6199,18631567,338,309379,29386,6364,6537,18940946
TX,2012,sewerage,7641,27878317,566,336242,22681,7754,8207,28214559
TX,2012,parks and recreation,14068,42346075,6787,5198853,504794,16921,20855,47544928
TX,2012,housing and community development,5804,19979799,652,772980,52360,6105,6456,20752779
TX,2012,natural resources,13520,56881117,2766,2686535,133766,14266,16286,59567652
TX,2012,water transport and terminals,15647,56981011,1183,790962,55266,15931,16830,57771973
TX,2012,electric power,8796,51295423,122,248241,11418,8861,8918,51543664
TX,2012,gas supply,663,2919081,11,14499,1379,672,674,2933580
TX,2012,transit,10650,44464355,1054,1703982,113782,11297,11704,46168337
TX,2012,education total,783947,2945644744,217948,217275880,13900175,863260,1001895,3162920624
TX,2012,education - elementary and secondary total,646575,2196929849,100265,81786281,6363770,683253,746840,2278716130
TX,2012,education - elementary and secondary instructional,448307,1713401362,56275,42966636,3233718,466930,504582,1756367998
TX,2012,education - elementary and secondary other,198268,483528487,43990,38819645,3130052,216323,242258,522348132
TX,2012,education - higher education total,133155,730129092,117365,134551220,7494981,175557,250520,864680312
TX,2012,education - higher education instructional,36766,317324182,49569,71549772,2807315,52648,86335,388873954
TX,2012,education - higher education other,96389,412804910,67796,63001448,4687666,122909,164185,475806358
TX,2012,education - other,4217,18585803,318,938379,41424,4450,4535,19524182
TX,2012,libraries,5135,16783790,2368,2253247,203935,6286,7503,19037037
TX,2012,liquor stores,0,0,0,0,0,0,0,0
TX,2012,other and unallocable,23830,93477897,3070,2341602,181336,24847,26900,95819499
UT,2012,total,116361,472005042,74078,68952899,4509376,142018,190439,540957941
UT,2012,financial administration,3903,17613253,578,671627,46185,4160,4481,18284880
UT,2012,other government administration,2168,10216260,1728,1128034,61124,2506,3896,11344294
UT,2012,judicial and legal,2775,12524079,432,738998,36354,2979,3207,13263077
UT,2012,police protection total,5766,24178546,1741,1409366,120965,6446,7507,25587912
UT,2012,police protection - officers,4267,19101692,215,144597,9743,4319,4482,19246289
UT,2012,police protection - other,1499,5076854,1526,1264769,111222,2127,3025,6341623
UT,2012,fire protection total,2115,10655361,1336,826175,64447,2478,3451,11481536
UT,2012,fire protection - firefighters,1926,9743384,1224,750874,58186,2252,3150,10494258
UT,2012,fire protection - other,189,911977,112,75301,6261,226,301,987278
UT,2012,corrections,5035,18537247,332,306490,20776,5152,5367,18843737
UT,2012,highways,3088,12428025,191,215274,16689,3182,3279,12643299
UT,2012,air transportation,529,2514321,40,46480,3517,550,569,2560801
UT,2012,water transport and terminals,0,0,0,0,0,0,0,0
UT,2012,public welfare,2841,9690181,649,745040,54649,3149,3490,10435221
UT,2012,health,4519,17710323,1907,2353160,146412,5348,6426,20063483
UT,2012,hospitals,7225,28771486,1439,2244632,99980,7790,8664,31016118
UT,2012,social insurance administration,1040,3895538,34,88308,3840,1062,1074,3983846
UT,2012,solid waste management,577,1990193,88,105052,8263,624,665,2095245
UT,2012,sewerage,1061,4633770,136,163264,9424,1112,1197,4797034
UT,2012,parks and recreation,1776,6290096,5625,3089847,309507,3526,7401,9379943
UT,2012,housing and community development,517,2063163,96,92827,7002,556,613,2155990
UT,2012,natural resources,1403,5275056,237,169019,13307,1475,1640,5444075
UT,2012,water transport and terminals,1541,6606775,229,199424,12059,1601,1770,6806199
UT,2012,electric power,543,2995537,57,52469,3792,564,600,3048006
UT,2012,gas supply,6,25914,1,180,12,6,7,26094
UT,2012,transit,1985,8159674,305,415377,25944,2134,2290,8575051
UT,2012,education total,61810,249488050,54417,51845450,3278721,80534,116227,301333500
UT,2012,education - elementary and secondary total,42598,150142490,31456,26608049,1901343,53540,74054,176750539
UT,2012,education - elementary and secondary instructional,32170,122027121,15483,14688599,877207,37218,47653,136715720
UT,2012,education - elementary and secondary other,10428,28115369,15973,11919450,1024136,16322,26401,40034819
UT,2012,education - higher education total,17807,93310149,21751,23705952,1287749,25081,39558,117016101
UT,2012,education - higher education instructional,6038,46835322,8223,12711561,436697,8505,14261,59546883
UT,2012,education - higher education other,11769,46474827,13528,10994391,851052,16576,25297,57469218
UT,2012,education - other,1405,6035411,1210,1531449,89629,1913,2615,7566860
UT,2012,libraries,709,2374967,1230,1138350,95910,1253,1939,3513317
UT,2012,liquor stores,250,662696,300,177739,16503,343,550,840435
UT,2012,other and unallocable,3179,12704531,950,730317,53994,3488,4129,13434848
VT,2012,total,35219,144244942,16244,17842203,981871,40913,51463,162087145
VT,2012,financial administration,936,3815179,593,558815,32524,1115,1529,4373994
VT,2012,other government administration,933,3664755,1186,1046927,34561,1126,2119,4711682
VT,2012,judicial and legal,703,3008038,41,37746,1880,713,744,3045784
VT,2012,police protection total,1457,6960533,279,245402,14411,1539,1736,7205935
VT,2012,police protection - officers,965,4979713,137,151097,8916,1017,1102,5130810
VT,2012,police protection - other,492,1980820,142,94305,5495,522,634,2075125
VT,2012,fire protection total,274,1384463,558,132729,12244,342,832,1517192
VT,2012,fire protection - firefighters,264,1349829,549,129538,12084,331,813,1479367
VT,2012,fire protection - other,10,34634,9,3191,160,11,19,37825
VT,2012,corrections,1104,4427287,5,3102,213,1105,1109,4430389
VT,2012,highways,2060,8161746,136,127847,8941,2107,2196,8289593
VT,2012,air transportation,32,188994,33,55e3,3807,54,65,243994
VT,2012,water transport and terminals,0,0,0,0,0,0,0,0
VT,2012,public welfare,1313,5397622,53,39948,2031,1325,1366,5437570
VT,2012,health,494,2092223,142,78526,5069,520,636,2170749
VT,2012,hospitals,233,1046427,4,2622,159,234,237,1049049
VT,2012,social insurance administration,269,1054478,0,0,0,269,269,1054478
VT,2012,solid waste management,121,445144,197,134514,10120,176,318,579658
VT,2012,sewerage,184,768372,39,38364,2594,198,223,806736
VT,2012,parks and recreation,236,985199,200,109655,8003,281,436,1094854
VT,2012,housing and community development,164,601303,30,38452,2382,179,194,639755
VT,2012,natural resources,568,2658130,21,27635,1305,576,589,2685765
VT,2012,water transport and terminals,191,822323,120,58423,3325,208,311,880746
VT,2012,electric power,215,1259222,2,1578,101,215,217,1260800
VT,2012,gas supply,0,0,0,0,0,0,0,0
VT,2012,transit,195,735669,84,157715,10569,255,279,893384
VT,2012,education total,22103,88509500,11841,14466337,794232,26759,33944,102975837
VT,2012,education - elementary and secondary total,17725,65676782,8573,9633659,599544,21248,26298,75310441
VT,2012,education - elementary and secondary instructional,14172,54947057,5936,6894443,416460,16616,20108,61841500
VT,2012,education - elementary and secondary other,3553,10729725,2637,2739216,183084,4632,6190,13468941
VT,2012,education - higher education total,3956,20907997,3245,4797387,193089,5079,7201,25705384
VT,2012,education - higher education instructional,1070,8813517,1247,2178011,62507,1426,2317,10991528
VT,2012,education - higher education other,2886,12094480,1998,2619376,130582,3653,4884,14713856
VT,2012,education - other,422,1924721,23,35291,1599,432,445,1960012
VT,2012,libraries,86,315910,244,226382,16370,176,330,542292
VT,2012,liquor stores,53,234559,0,0,0,53,53,234559
VT,2012,other and unallocable,1295,5707866,436,254484,17030,1388,1731,5962350
VA,2012,total,404813,1637323778,133236,143754680,8099547,452082,538049,1781078458
VA,2012,financial administration,11049,49961170,1056,1664674,108235,11662,12105,51625844
VA,2012,other government administration,4883,23742019,2473,2409729,106343,5494,7356,26151748
VA,2012,judicial and legal,8212,37966328,1066,1644810,73666,8628,9278,39611138
VA,2012,police protection total,21083,95882399,1453,2065455,122398,21785,22536,97947854
VA,2012,police protection - officers,16919,80884436,387,585534,33902,17113,17306,81469970
VA,2012,police protection - other,4164,14997963,1066,1479921,88496,4672,5230,16477884
VA,2012,fire protection total,10163,52030131,641,776572,44930,10418,10804,52806703
VA,2012,fire protection - firefighters,9312,47708839,446,423183,28875,9475,9758,48132022
VA,2012,fire protection - other,851,4321292,195,353389,16055,943,1046,4674681
VA,2012,corrections,24133,81966766,786,1228490,73802,24557,24919,83195256
VA,2012,highways,11142,47510411,459,843970,42338,11384,11601,48354381
VA,2012,air transportation,2019,10967309,265,268642,22858,2147,2284,11235951
VA,2012,water transport and terminals,107,641344,3,4557,324,109,110,645901
VA,2012,public welfare,10999,42218947,1560,2455673,142785,11812,12559,44674620
VA,2012,health,10172,42785297,2560,4893310,251711,11601,12732,47678607
VA,2012,hospitals,15618,61353125,3087,6118280,265321,17117,18705,67471405
VA,2012,social insurance administration,1234,4728436,562,1214851,76881,1668,1796,5943287
VA,2012,solid waste management,3240,10351263,1082,945709,101306,3815,4322,11296972
VA,2012,sewerage,4330,17520750,233,360138,23665,4458,4563,17880888
VA,2012,parks and recreation,5619,20625496,9253,8017909,652495,9327,14872,28643405
VA,2012,housing and community development,1915,8139541,144,186935,12875,1989,2059,8326476
VA,2012,natural resources,2781,12570888,695,1062328,70888,3187,3476,13633216
VA,2012,water transport and terminals,3696,14587456,226,269480,18030,3801,3922,14856936
VA,2012,electric power,360,1651726,3,3964,341,362,363,1655690
VA,2012,gas supply,458,1690832,2,1824,160,459,460,1692656
VA,2012,transit,1006,3741981,855,1589232,104736,1602,1861,5331213
VA,2012,education total,235002,928603548,97931,97731571,5182031,265685,332933,1026335119
VA,2012,education - elementary and secondary total,188497,689291800,51683,44898623,2694064,205037,240180,734190423
VA,2012,education - elementary and secondary instructional,136693,562842538,32397,26982198,1464575,145657,169090,589824736
VA,2012,education - elementary and secondary other,51804,126449262,19286,17916425,1229489,59380,71090,144365687
VA,2012,education - higher education total,44062,227893444,45732,51991174,2443821,57957,89794,279884618
VA,2012,education - higher education instructional,15373,115374904,16332,26807922,704231,19367,31705,142182826
VA,2012,education - higher education other,28689,112518540,29400,25183252,1739590,38590,58089,137701792
VA,2012,education - other,2443,11418304,516,841774,44146,2691,2959,12260078
VA,2012,libraries,2364,8982511,2664,2940451,212391,3583,5028,11922962
VA,2012,liquor stores,845,2940130,1490,1842516,168864,1799,2335,4782646
VA,2012,other and unallocable,12383,54163974,2687,3213610,220173,13633,15070,57377584
WA,2012,total,281277,1506707230,131044,234978106,11357650,345447,412321,1741685336
WA,2012,financial administration,7879,42850492,430,1043218,38264,8089,8309,43893710
WA,2012,other government administration,4638,25414282,2217,3917569,141896,5432,6855,29331851
WA,2012,judicial and legal,7587,42797680,746,1701271,53904,7891,8333,44498951
WA,2012,police protection total,13946,95639831,417,638180,31662,14119,14363,96278011
WA,2012,police protection - officers,9974,74888168,153,158957,9260,10022,10127,75047125
WA,2012,police protection - other,3972,20751663,264,479223,22402,4097,4236,21230886
WA,2012,fire protection total,8396,64813358,4455,1739830,130802,9118,12851,66553188
WA,2012,fire protection - firefighters,7617,60004463,3717,1278300,105423,8202,11334,61282763
WA,2012,fire protection - other,779,4808895,738,461530,25379,916,1517,5270425
WA,2012,corrections,13122,58856254,426,584149,27130,13274,13548,59440403
WA,2012,highways,13669,70492878,387,851077,31657,13848,14056,71343955
WA,2012,air transportation,1146,7578101,100,145108,11139,1209,1246,7723209
WA,2012,water transport and terminals,1646,10350795,177,240062,12599,1718,1823,10590857
WA,2012,public welfare,11518,50097087,948,1805140,87985,12014,12466,51902227
WA,2012,health,9841,44076444,894,2398589,82232,10311,10735,46475033
WA,2012,hospitals,19475,106470382,10780,41144756,1170045,26122,30255,147615138
WA,2012,social insurance administration,3973,17263686,982,1303095,109020,4588,4955,18566781
WA,2012,solid waste management,2424,13138808,156,304573,16928,2518,2580,13443381
WA,2012,sewerage,3418,20484191,194,367564,16429,3506,3612,20851755
WA,2012,parks and recreation,4208,20862054,4641,3960971,277905,5773,8849,24823025
WA,2012,housing and community development,2644,13029177,262,477398,23242,2774,2906,13506575
WA,2012,natural resources,5793,26282661,452,570323,25451,5930,6245,26852984
WA,2012,water transport and terminals,3518,19980463,436,515820,21339,3634,3954,20496283
WA,2012,electric power,8014,60258104,275,773769,30618,8187,8289,61031873
WA,2012,gas supply,19,106887,0,0,0,19,19,106887
WA,2012,transit,8133,44845495,1555,4003896,179346,9153,9688,48849391
WA,2012,education total,114262,592754305,96087,160610910,8514132,162371,210349,753365215
WA,2012,education - elementary and secondary total,73782,386026931,53935,115168124,5935301,107322,127717,501195055
WA,2012,education - elementary and secondary instructional,58475,316575597,29238,63757486,3168377,76373,87713,380333083
WA,2012,education - elementary and secondary other,15307,69451334,24697,51410638,2766924,30949,40004,120861972
WA,2012,education - higher education total,38495,198018372,41831,45080412,2560222,52959,80326,243098784
WA,2012,education - higher education instructional,12770,81994965,9336,18284973,639238,16380,22106,100279938
WA,2012,education - higher education other,25725,116023407,32495,26795439,1920984,36579,58220,142818846
WA,2012,education - other,1985,8709002,321,362374,18609,2090,2306,9071376
WA,2012,libraries,2127,10233927,3049,4541403,263720,3640,5176,14775330
WA,2012,liquor stores,831,2641544,5,7596,422,833,836,2649140
WA,2012,other and unallocable,9050,45388344,973,1331839,59783,9376,10023,46720183
WV,2012,total,94502,323212628,26280,25822658,1574102,103725,120782,349035286
WV,2012,financial administration,3444,9705196,233,228176,17860,3544,3677,9933372
WV,2012,other government administration,1366,4243550,1329,1063748,51998,1663,2695,5307298
WV,2012,judicial and legal,2547,10164617,276,265045,18325,2646,2823,10429662
WV,2012,police protection total,3817,13644673,431,286490,26620,3970,4248,13931163
WV,2012,police protection - officers,3053,11749433,231,165034,13966,3130,3284,11914467
WV,2012,police protection - other,764,1895240,200,121456,12654,840,964,2016696
WV,2012,fire protection total,997,3464526,131,56903,5987,1029,1128,3521429
WV,2012,fire protection - firefighters,966,3381450,123,51444,5416,995,1089,3432894
WV,2012,fire protection - other,31,83076,8,5459,571,34,39,88535
WV,2012,corrections,3519,9149910,26,29617,2766,3534,3545,9179527
WV,2012,highways,6007,18468019,137,152788,13630,6087,6144,18620807
WV,2012,air transportation,158,456790,59,55678,5400,188,217,512468
WV,2012,water transport and terminals,3,12888,0,0,0,3,3,12888
WV,2012,public welfare,3442,8845495,67,67941,4997,3473,3509,8913436
WV,2012,health,1794,5534518,420,413842,30579,1974,2214,5948360
WV,2012,hospitals,3784,11835120,639,886468,55862,4112,4423,12721588
WV,2012,social insurance administration,584,1736758,69,70980,5586,617,653,1807738
WV,2012,solid waste management,744,1842762,123,104439,10565,801,867,1947201
WV,2012,sewerage,1032,2952442,102,46094,4031,1050,1134,2998536
WV,2012,parks and recreation,945,2234945,1268,821943,100288,1514,2213,3056888
WV,2012,housing and community development,492,1434271,61,41961,3576,512,553,1476232
WV,2012,natural resources,1949,6785457,202,160260,14872,2036,2151,6945717
WV,2012,water transport and terminals,1280,3821042,232,167779,14068,1355,1512,3988821
WV,2012,electric power,18,78392,0,0,0,18,18,78392
WV,2012,gas supply,0,0,0,0,0,0,0,0
WV,2012,transit,484,1478732,107,122776,10321,541,591,1601508
WV,2012,education total,52034,192714100,19629,20245484,1124066,58697,71663,212959584
WV,2012,education - elementary and secondary total,40130,135329547,8509,10908062,597875,43625,48639,146237609
WV,2012,education - elementary and secondary instructional,26405,101341664,5145,7534345,370810,28586,31550,108876009
WV,2012,education - elementary and secondary other,13725,33987883,3364,3373717,227065,15039,17089,37361600
WV,2012,education - higher education total,10717,52099495,10929,9053928,516445,13827,21646,61153423
WV,2012,education - higher education instructional,3772,24703809,4459,5502889,179565,4853,8231,30206698
WV,2012,education - higher education other,6945,27395686,6470,3551039,336880,8974,13415,30946725
WV,2012,education - other,1187,5285058,191,283494,9746,1245,1378,5568552
WV,2012,libraries,330,796459,264,197225,21916,458,594,993684
WV,2012,liquor stores,49,133198,2,3252,270,51,51,136450
WV,2012,other and unallocable,3683,11678768,473,333769,30519,3852,4156,12012537
WI,2012,total,231570,1043261240,145219,141792018,8358518,279028,376789,1185053258
WI,2012,financial administration,5201,24173155,2366,2163036,136224,5854,7567,26336191
WI,2012,other government administration,4215,16572257,10234,4713874,274270,5728,14449,21286131
WI,2012,judicial and legal,5065,25468217,1056,1814240,74074,5479,6121,27282457
WI,2012,police protection total,14943,76300987,2947,2209129,148544,15771,17890,78510116
WI,2012,police protection - officers,11770,63957737,1148,893337,56551,12088,12918,64851074
WI,2012,police protection - other,3173,12343250,1799,1315792,91993,3683,4972,13659042
WI,2012,fire protection total,4240,23948300,5781,1435386,116688,4887,10021,25383686
WI,2012,fire protection - firefighters,4058,23119447,5396,1350022,111144,4673,9454,24469469
WI,2012,fire protection - other,182,828853,385,85364,5544,214,567,914217
WI,2012,corrections,13154,54963134,958,2439339,88062,13654,14112,57402473
WI,2012,highways,9091,39451368,1586,1288918,87506,9555,10677,40740286
WI,2012,air transportation,369,1681082,52,53887,3483,388,421,1734969
WI,2012,water transport and terminals,19,100822,1,399,39,19,20,101221
WI,2012,public welfare,12705,49853105,4173,7487955,442935,15231,16878,57341060
WI,2012,health,5575,25444011,2808,4571741,199753,6708,8383,30015752
WI,2012,hospitals,3846,14482077,886,2102032,95106,4387,4732,16584109
WI,2012,social insurance administration,920,3851035,32,70540,4039,943,952,3921575
WI,2012,solid waste management,1159,4589412,863,289889,26031,1246,2022,4879301
WI,2012,sewerage,1814,8421314,775,384750,24143,1934,2589,8806064
WI,2012,parks and recreation,2247,9119991,3322,2297408,170363,3205,5569,11417399
WI,2012,housing and community development,938,3864705,347,312895,20084,1056,1285,4177600
WI,2012,natural resources,2538,10765451,1128,1219066,65302,2907,3666,11984517
WI,2012,water transport and terminals,1767,7826630,264,239358,14286,1846,2031,8065988
WI,2012,electric power,526,2976423,36,42221,1781,534,562,3018644
WI,2012,gas supply,0,0,0,0,0,0,0,0
WI,2012,transit,1831,6972075,175,270889,18570,1937,2006,7242964
WI,2012,education total,130607,593027562,97404,100256197,5936448,164679,228011,693283759
WI,2012,education - elementary and secondary total,96727,408043253,43704,51783975,3362807,116113,140431,459827228
WI,2012,education - elementary and secondary instructional,76937,343259685,22399,30551646,1823039,87445,99336,373811331
WI,2012,education - elementary and secondary other,19790,64783568,21305,21232329,1539768,28668,41095,86015897
WI,2012,education - higher education total,33053,180982353,53397,47716128,2538338,47540,86450,228698481
WI,2012,education - higher education instructional,12211,82935247,17871,21829252,883022,17273,30082,104764499
WI,2012,education - higher education other,20842,98047106,35526,25886876,1655316,30267,56368,123933982
WI,2012,education - other,827,4001956,303,756094,35303,1026,1130,4758050
WI,2012,libraries,1599,6072179,3371,3314544,250595,3025,4970,9386723
WI,2012,liquor stores,0,0,0,0,0,0,0,0
WI,2012,other and unallocable,7201,33335948,4654,2814325,160192,8055,11855,36150273
WY,2012,total,44307,187887704,16954,19851855,1203080,51290,61261,207739559
WY,2012,financial administration,1251,5431371,89,111700,7445,1292,1340,5543071
WY,2012,other government administration,787,3299959,522,318101,16898,875,1309,3618060
WY,2012,judicial and legal,942,4618809,135,256335,9697,992,1077,4875144
WY,2012,police protection total,1970,8741050,103,102809,6525,2006,2073,8843859
WY,2012,police protection - officers,1421,6623010,23,30237,1589,1429,1444,6653247
WY,2012,police protection - other,549,2118040,80,72572,4936,577,629,2190612
WY,2012,fire protection total,412,2116643,484,107588,8212,456,896,2224231
WY,2012,fire protection - firefighters,355,1878798,421,75168,6100,388,776,1953966
WY,2012,fire protection - other,57,237845,63,32420,2112,68,120,270265
WY,2012,corrections,2035,7626967,62,94930,6204,2071,2097,7721897
WY,2012,highways,2559,10128024,141,256099,16911,2654,2700,10384123
WY,2012,air transportation,161,626510,21,45558,2515,175,182,672068
WY,2012,water transport and terminals,0,0,0,0,0,0,0,0
WY,2012,public welfare,697,2756208,105,158822,10051,752,802,2915030
WY,2012,health,1337,5699741,345,557492,26884,1490,1682,6257233
WY,2012,hospitals,6329,30273061,1669,4420869,163659,7266,7998,34693930
WY,2012,social insurance administration,120,453502,5,7699,442,122,125,461201
WY,2012,solid waste management,365,1305721,75,91431,6469,402,440,1397152
WY,2012,sewerage,172,740520,28,23400,1773,181,200,763920
WY,2012,parks and recreation,662,2628809,1102,647688,53444,966,1764,3276497
WY,2012,housing and community development,78,305932,21,25767,2080,91,99,331699
WY,2012,natural resources,1277,5347963,146,145872,9643,1331,1423,5493835
WY,2012,water transport and terminals,326,1311835,85,58950,3931,347,411,1370785
WY,2012,electric power,75,401777,3,4940,80,75,78,406717
WY,2012,gas supply,0,0,0,0,0,0,0,0
WY,2012,transit,37,119511,84,145968,10337,96,121,265479
WY,2012,education total,20835,86482770,11131,11639301,792660,25499,31966,98122071
WY,2012,education - elementary and secondary total,15725,63791382,6221,7816985,544513,18987,21946,71608367
WY,2012,education - elementary and secondary instructional,11210,50827270,3533,4429683,292661,12961,14743,55256953
WY,2012,education - elementary and secondary other,4515,12964112,2688,3387302,251852,6026,7203,16351414
WY,2012,education - higher education total,4889,21572847,4905,3813304,247661,6288,9794,25386151
WY,2012,education - higher education instructional,1616,9959883,1458,1754809,72956,2029,3074,11714692
WY,2012,education - higher education other,3273,11612964,3447,2058495,174705,4259,6720,13671459
WY,2012,education - other,221,1118541,5,9012,486,224,226,1127553
WY,2012,libraries,242,810292,284,340581,24269,381,526,1150873
WY,2012,liquor stores,41,157944,0,0,0,41,41,157944
WY,2012,other and unallocable,1597,6502785,314,289955,22951,1729,1911,6792740
