state,government_function,full_time_employees,full_time_pay,part_time_employees,part_time_pay,part_time_hours,full_time_equivalent_employees,total_march_pay,year
US,total,3705982,15186133459,1421814,1583294498,94731463,4250554,16769427957,2006
US,financial administration,162680,639003153,10966,18567188,1157155,169312,657570341,2006
US,other government administration,48566,198442521,11267,21362008,1026822,54556,219804529,2006
US,judicial and legal,164827,762880721,9848,20949254,972862,170416,783829975,2006
US,police protection - officers,65066,341429573,599,930137,23672,65201,342359710,2006
US,police protection - other,38380,137104859,2332,2784340,164733,39323,139889199,2006
US,corrections,461572,1669994973,10175,22275502,1040253,467496,1692270475,2006
US,highways,232446,902555630,9926,19724288,997841,238185,922279918,2006
US,air transportation,3272,15544960,195,319630,15379,3359,15864590,2006
US,water transport and terminals,4801,22331557,64,112131,6672,4838,22443688,2006
US,public welfare,225849,755004868,10831,19856284,1070751,231971,774861152,2006
US,health,174892,659326115,14162,28215254,1364646,182694,687541369,2006
US,hospitals,364041,1333025006,57361,125892836,5739107,396728,1458917842,2006
US,social insurance administration,79147,299731361,6272,12040065,720356,83297,311771426,2006
US,solid waste management,1805,8891686,125,342656,13831,1886,9234342,2006
US,sewerage,1706,9322989,63,154967,4167,1730,9477956,2006
US,parks and recreation,26918,85700895,12252,14981796,1221082,33913,100682691,2006
US,housing and community development,0,0,0,0,0,0,0,2006
US,natural resources,130380,500501980,31101,40826991,2826220,146593,541328971,2006
US,water transport and terminals,674,3402628,37,83196,3586,694,3485824,2006
US,electric power,4003,24513438,52,154212,4646,4030,24667650,2006
US,gas supply,0,0,0,0,0,0,0,2006
US,transit,31423,165015201,1866,2507643,164350,32357,167522844,2006
US,education - elementary and secondary instructional,32898,165492967,8422,8827383,457125,35644,174320350,2006
US,education - elementary and secondary other,11083,32137546,6863,4767147,362634,13296,36904693,2006
US,education - higher education instructional,373938,2351240660,391042,578168933,25107933,518385,2929409593,2006
US,education - higher education other,775965,2878865837,794093,588209483,47613957,1049821,3467075320,2006
US,education - other,85135,333652242,13173,19504366,1045166,91118,353156608,2006
US,libraries,482,1533462,240,151870,16004,573,1685332,2006
US,liquor stores,6102,17972551,2559,2606906,242763,7493,20579457,2006
US,other and unallocable,197931,871514080,15928,28978032,1347750,205645,900492112,2006
AL,total,75538,278089244,27839,26078244,1681220,85223,304167488,2006
AL,financial administration,2590,9234485,68,47441,5278,2620,9281926,2006
AL,other government administration,546,2182012,88,112407,6264,582,2294419,2006
AL,judicial and legal,3334,13450629,95,177092,3750,3356,13627721,2006
AL,police protection - officers,755,3573199,0,0,0,755,3573199,2006
AL,police protection - other,677,1932632,0,0,0,677,1932632,2006
AL,corrections,4847,15292782,11,16996,1237,4854,15309778,2006
AL,highways,4400,12614322,99,62822,7920,4445,12677144,2006
AL,air transportation,0,0,0,0,0,0,0,2006
AL,water transport and terminals,509,2125938,1,1200,45,509,2127138,2006
AL,public welfare,4316,12087974,23,35204,1956,4327,12123178,2006
AL,health,5075,16362426,436,479745,55266,5389,16842171,2006
AL,hospitals,10483,35663376,1684,3761481,144522,11304,39424857,2006
AL,social insurance administration,989,3373618,64,67562,7776,1033,3441180,2006
AL,solid waste management,0,0,0,0,0,0,0,2006
AL,sewerage,0,0,0,0,0,0,0,2006
AL,parks and recreation,469,1207580,156,110734,15928,560,1318314,2006
AL,housing and community development,0,0,0,0,0,0,0,2006
AL,natural resources,2065,7276763,225,231405,21995,2189,7508168,2006
AL,water transport and terminals,0,0,0,0,0,0,0,2006
AL,electric power,0,0,0,0,0,0,0,2006
AL,gas supply,0,0,0,0,0,0,0,2006
AL,transit,0,0,0,0,0,0,0,2006
AL,education - elementary and secondary instructional,0,0,0,0,0,0,0,2006
AL,education - elementary and secondary other,0,0,0,0,0,0,0,2006
AL,education - higher education instructional,8997,56241731,8342,8602088,397405,11308,64843819,2006
AL,education - higher education other,19680,66499653,15962,11787559,955639,25192,78287212,2006
AL,education - other,3109,10374322,154,135420,7287,3151,10509742,2006
AL,libraries,0,0,0,0,0,0,0,2006
AL,liquor stores,702,1609820,6,9800,628,706,1619620,2006
AL,other and unallocable,1995,6985982,425,439288,48324,2266,7425270,2006
AK,total,23150,101803414,5422,5731028,346534,25151,107534442,2006
AK,financial administration,967,4384871,46,61516,3236,986,4446387,2006
AK,other government administration,746,3137883,38,49928,2533,761,3187811,2006
AK,judicial and legal,1269,5948683,75,127261,5507,1301,6075944,2006
AK,police protection - officers,278,1686230,0,0,0,278,1686230,2006
AK,police protection - other,156,543065,65,23735,1712,166,566800,2006
AK,corrections,1709,7538399,37,57089,4329,1733,7595488,2006
AK,highways,3055,14351160,25,29132,2022,3066,14380292,2006
AK,air transportation,0,0,0,0,0,0,0,2006
AK,water transport and terminals,0,0,0,0,0,0,0,2006
AK,public welfare,1678,6123823,143,190174,18490,1783,6313997,2006
AK,health,617,2759086,28,52281,2555,631,2811367,2006
AK,hospitals,209,849331,16,25066,2003,220,874397,2006
AK,social insurance administration,470,1727292,7,6897,448,473,1734189,2006
AK,solid waste management,0,0,0,0,0,0,0,2006
AK,sewerage,0,0,0,0,0,0,0,2006
AK,parks and recreation,71,281101,2,2876,148,72,283977,2006
AK,housing and community development,0,0,0,0,0,0,0,2006
AK,natural resources,2272,9621567,122,201192,10005,2330,9822759,2006
AK,water transport and terminals,0,0,0,0,0,0,0,2006
AK,electric power,0,0,0,0,0,0,0,2006
AK,gas supply,0,0,0,0,0,0,0,2006
AK,transit,0,0,0,0,0,0,0,2006
AK,education - elementary and secondary instructional,1919,8221420,483,387043,29977,2104,8608463,2006
AK,education - elementary and secondary other,905,2324459,596,446358,34518,1116,2770817,2006
AK,education - higher education instructional,923,6582145,1070,1240241,32989,1110,7822386,2006
AK,education - higher education other,2729,11131403,2578,2737861,191099,3815,13869264,2006
AK,education - other,241,1006854,21,14435,1098,247,1021289,2006
AK,libraries,0,0,0,0,0,0,0,2006
AK,liquor stores,0,0,0,0,0,0,0,2006
AK,other and unallocable,2936,13584642,70,77943,3865,2959,13662585,2006
AZ,total,57114,216336266,26072,24403166,1714162,66858,240739432,2006
AZ,financial administration,3700,12231900,39,107678,4072,3723,12339578,2006
AZ,other government administration,660,2616584,159,276750,11955,729,2893334,2006
AZ,judicial and legal,2229,8953689,118,231304,11196,2292,9184993,2006
AZ,police protection - officers,1174,5688122,0,0,0,1174,5688122,2006
AZ,police protection - other,825,3379577,38,54405,2336,839,3433982,2006
AZ,corrections,9671,29178114,72,184665,6781,9710,29362779,2006
AZ,highways,2875,9744529,0,0,0,2875,9744529,2006
AZ,air transportation,0,0,0,0,0,0,0,2006
AZ,water transport and terminals,0,0,0,0,0,0,0,2006
AZ,public welfare,5794,16613028,92,177224,8139,5840,16790252,2006
AZ,health,2434,8396534,100,123132,5966,2468,8519666,2006
AZ,hospitals,660,2444314,70,75360,3372,679,2519674,2006
AZ,social insurance administration,402,1036252,70,90271,7408,444,1126523,2006
AZ,solid waste management,0,0,0,0,0,0,0,2006
AZ,sewerage,0,0,0,0,0,0,0,2006
AZ,parks and recreation,347,1168737,151,68235,8236,394,1236972,2006
AZ,housing and community development,0,0,0,0,0,0,0,2006
AZ,natural resources,2573,11064824,757,838624,60995,2921,11903448,2006
AZ,water transport and terminals,0,0,0,0,0,0,0,2006
AZ,electric power,9,51960,0,0,0,9,51960,2006
AZ,gas supply,0,0,0,0,0,0,0,2006
AZ,transit,0,0,0,0,0,0,0,2006
AZ,education - elementary and secondary instructional,0,0,0,0,0,0,0,2006
AZ,education - elementary and secondary other,0,0,0,0,0,0,0,2006
AZ,education - higher education instructional,5477,34472980,7865,10360386,574557,8742,44833366,2006
AZ,education - higher education other,12181,48991965,15978,11061066,966229,17671,60053031,2006
AZ,education - other,2951,9329790,382,512423,29964,3122,9842213,2006
AZ,libraries,0,0,0,0,0,0,0,2006
AZ,liquor stores,0,0,0,0,0,0,0,2006
AZ,other and unallocable,3152,10973367,181,241643,12956,3226,11215010,2006
AR,total,53335,167339672,14794,10431787,844331,58147,177771459,2006
AR,financial administration,1890,5655760,31,51364,4583,1917,5707124,2006
AR,other government administration,677,2565390,5,8440,536,682,2573830,2006
AR,judicial and legal,1281,3743482,74,209371,7173,1322,3952853,2006
AR,police protection - officers,569,2117972,4,7350,642,573,2125322,2006
AR,police protection - other,605,1608653,0,0,0,605,1608653,2006
AR,corrections,4945,12340329,1,2032,142,4946,12342361,2006
AR,highways,3766,11963277,28,36560,855,3771,11999837,2006
AR,air transportation,0,0,0,0,0,0,0,2006
AR,water transport and terminals,0,0,0,0,0,0,0,2006
AR,public welfare,3668,10038403,54,39269,2059,3680,10077672,2006
AR,health,4735,14076640,141,281202,17409,4835,14357842,2006
AR,hospitals,4990,12114411,129,282399,10492,5050,12396810,2006
AR,social insurance administration,966,3005651,218,270029,26270,1115,3275680,2006
AR,solid waste management,0,0,0,0,0,0,0,2006
AR,sewerage,0,0,0,0,0,0,0,2006
AR,parks and recreation,691,1575558,287,146716,22875,821,1722274,2006
AR,housing and community development,0,0,0,0,0,0,0,2006
AR,natural resources,1798,5223704,538,440259,42792,2041,5663963,2006
AR,water transport and terminals,0,0,0,0,0,0,0,2006
AR,electric power,0,0,0,0,0,0,0,2006
AR,gas supply,0,0,0,0,0,0,0,2006
AR,transit,0,0,0,0,0,0,0,2006
AR,education - elementary and secondary instructional,0,0,0,0,0,0,0,2006
AR,education - elementary and secondary other,0,0,0,0,0,0,0,2006
AR,education - higher education instructional,6458,35446859,5230,5009849,299714,8161,40456708,2006
AR,education - higher education other,12394,33272216,7852,3265274,383077,14575,36537490,2006
AR,education - other,1491,4726561,47,68892,3575,1512,4795453,2006
AR,libraries,0,0,0,0,0,0,0,2006
AR,liquor stores,0,0,0,0,0,0,0,2006
AR,other and unallocable,2411,7864806,155,312781,22137,2541,8177587,2006
CA,total,331477,1822203766,143183,228882825,10933429,393609,2051086591,2006
CA,financial administration,19457,83251748,3498,5604902,362235,21517,88856650,2006
CA,other government administration,3805,19419942,362,945545,31427,3988,20365487,2006
CA,judicial and legal,4244,23735317,452,1032599,32981,4432,24767916,2006
CA,police protection - officers,7387,46488647,456,663561,13575,7464,47152208,2006
CA,police protection - other,4929,18799273,791,819813,36340,5136,19619086,2006
CA,corrections,49055,277428843,1993,6537081,252601,50491,283965924,2006
CA,highways,19469,123872089,1158,5183000,145767,20297,129055089,2006
CA,air transportation,0,0,0,0,0,0,0,2006
CA,water transport and terminals,0,0,0,0,0,0,0,2006
CA,public welfare,3447,14893841,228,564356,22626,3574,15458197,2006
CA,health,10670,59342730,1455,4733334,184466,11717,64076064,2006
CA,hospitals,34459,181194121,8210,22671363,839623,39229,203865484,2006
CA,social insurance administration,18337,75780071,1603,3444993,171191,19310,79225064,2006
CA,solid waste management,355,1865171,62,203114,6995,395,2068285,2006
CA,sewerage,0,0,0,0,0,0,0,2006
CA,parks and recreation,2383,10504446,1563,2289819,158083,3282,12794265,2006
CA,housing and community development,0,0,0,0,0,0,0,2006
CA,natural resources,11599,58738299,2577,4397226,321498,13427,63135525,2006
CA,water transport and terminals,0,0,0,0,0,0,0,2006
CA,electric power,0,0,0,0,0,0,0,2006
CA,gas supply,0,0,0,0,0,0,0,2006
CA,transit,0,0,0,0,0,0,0,2006
CA,education - elementary and secondary instructional,0,0,0,0,0,0,0,2006
CA,education - elementary and secondary other,0,0,0,0,0,0,0,2006
CA,education - higher education instructional,21464,165547542,30980,54721560,2127267,33551,220269102,2006
CA,education - higher education other,81336,420287322,83160,101937634,5791455,114242,522224956,2006
CA,education - other,3988,18042581,546,1015657,48687,4266,19058238,2006
CA,libraries,0,0,0,0,0,0,0,2006
CA,liquor stores,0,0,0,0,0,0,0,2006
CA,other and unallocable,35093,223011783,4089,12117268,386612,37291,235129051,2006
CO,total,50414,236612960,35308,54287454,2998528,67451,290900414,2006
CO,financial administration,2009,9074544,136,219496,10124,2066,9294040,2006
CO,other government administration,411,1587634,156,406287,24238,549,1993921,2006
CO,judicial and legal,3182,14686318,818,1939242,86470,3673,16625560,2006
CO,police protection - officers,761,4578738,0,0,0,761,4578738,2006
CO,police protection - other,399,1749567,19,41870,1748,409,1791437,2006
CO,corrections,6521,25945114,67,185333,8463,6569,26130447,2006
CO,highways,3038,12822293,174,374385,17999,3140,13196678,2006
CO,air transportation,0,0,0,0,0,0,0,2006
CO,water transport and terminals,0,0,0,0,0,0,0,2006
CO,public welfare,1724,7474119,554,1007795,50513,2011,8481914,2006
CO,health,1100,5678148,158,432100,16369,1193,6110248,2006
CO,hospitals,3072,11724093,853,1637782,85089,3556,13361875,2006
CO,social insurance administration,888,3944132,97,163807,13638,965,4107939,2006
CO,solid waste management,0,0,0,0,0,0,0,2006
CO,sewerage,0,0,0,0,0,0,0,2006
CO,parks and recreation,266,1092017,64,86312,4979,294,1178329,2006
CO,housing and community development,0,0,0,0,0,0,0,2006
CO,natural resources,1311,6322602,311,427219,16931,1408,6749821,2006
CO,water transport and terminals,0,0,0,0,0,0,0,2006
CO,electric power,0,0,0,0,0,0,0,2006
CO,gas supply,0,0,0,0,0,0,0,2006
CO,transit,0,0,0,0,0,0,0,2006
CO,education - elementary and secondary instructional,0,0,0,0,0,0,0,2006
CO,education - elementary and secondary other,0,0,0,0,0,0,0,2006
CO,education - higher education instructional,9963,63874991,9342,15751748,781886,14406,79626739,2006
CO,education - higher education other,13446,55656484,21690,29962021,1800621,23677,85618505,2006
CO,education - other,859,3699625,782,1443617,69851,1255,5143242,2006
CO,libraries,0,0,0,0,0,0,0,2006
CO,liquor stores,0,0,0,0,0,0,0,2006
CO,other and unallocable,1464,6702541,87,208440,9609,1519,6910981,2006
CT,total,53918,272986913,20968,32541227,1366711,61971,305528140,2006
CT,financial administration,2185,10153353,97,239888,9445,2239,10393241,2006
CT,other government administration,1173,5480802,245,826931,31745,1353,6307733,2006
CT,judicial and legal,4665,20543730,281,400338,7986,4711,20944068,2006
CT,police protection - officers,1474,7888031,1,2462,137,1475,7890493,2006
CT,police protection - other,566,2534740,50,98962,4816,594,2633702,2006
CT,corrections,7705,36553585,148,443893,14180,7786,36997478,2006
CT,highways,3004,14184544,3,11159,525,3007,14195703,2006
CT,air transportation,159,956612,0,0,0,159,956612,2006
CT,water transport and terminals,0,0,0,0,0,0,0,2006
CT,public welfare,5070,26130118,472,1399056,52348,5368,27529174,2006
CT,health,1841,8515409,91,262331,10151,1899,8777740,2006
CT,hospitals,8437,43298564,2825,9233783,345465,10400,52532347,2006
CT,social insurance administration,718,3581907,27,32345,1009,724,3614252,2006
CT,solid waste management,56,325465,7,24983,954,62,350448,2006
CT,sewerage,0,0,0,0,0,0,0,2006
CT,parks and recreation,173,841214,2,2655,146,174,843869,2006
CT,housing and community development,0,0,0,0,0,0,0,2006
CT,natural resources,770,3672561,83,185884,6977,810,3858445,2006
CT,water transport and terminals,0,0,0,0,0,0,0,2006
CT,electric power,0,0,0,0,0,0,0,2006
CT,gas supply,0,0,0,0,0,0,0,2006
CT,transit,0,0,0,0,0,0,0,2006
CT,education - elementary and secondary instructional,0,0,0,0,0,0,0,2006
CT,education - elementary and secondary other,0,0,0,0,0,0,0,2006
CT,education - higher education instructional,3951,28338716,7769,12413384,436795,6563,40752100,2006
CT,education - higher education other,7275,35906962,7536,5079796,350490,9418,40986758,2006
CT,education - other,2397,12565503,1049,1448155,72166,2808,14013658,2006
CT,libraries,0,0,0,0,0,0,0,2006
CT,liquor stores,0,0,0,0,0,0,0,2006
CT,other and unallocable,2299,11515097,282,435222,21376,2421,11950319,2006
DE,total,22279,87913703,8503,10861356,554398,25614,98775059,2006
DE,financial administration,772,2454361,20,22877,1065,778,2477238,2006
DE,other government administration,216,922344,154,111068,6429,254,1033412,2006
DE,judicial and legal,1629,6976952,49,98816,4798,1658,7075768,2006
DE,police protection - officers,669,4294128,0,0,0,669,4294128,2006
DE,police protection - other,291,1049267,15,16986,1131,298,1066253,2006
DE,corrections,2778,10644175,68,96927,7005,2821,10741102,2006
DE,highways,1857,5660689,5,11528,542,1860,5672217,2006
DE,air transportation,0,0,0,0,0,0,0,2006
DE,water transport and terminals,251,964055,0,0,0,251,964055,2006
DE,public welfare,1567,5117944,104,172437,10720,1631,5290381,2006
DE,health,2040,7247232,164,290170,16414,2138,7537402,2006
DE,hospitals,1774,5613001,108,137255,10068,1835,5750256,2006
DE,social insurance administration,301,988121,23,41267,2270,314,1029388,2006
DE,solid waste management,129,439581,18,23889,1946,141,463470,2006
DE,sewerage,0,0,0,0,0,0,0,2006
DE,parks and recreation,222,670751,116,103576,9297,278,774327,2006
DE,housing and community development,0,0,0,0,0,0,0,2006
DE,natural resources,467,1705254,148,140035,10152,527,1845289,2006
DE,water transport and terminals,0,0,0,0,0,0,0,2006
DE,electric power,0,0,0,0,0,0,0,2006
DE,gas supply,0,0,0,0,0,0,0,2006
DE,transit,615,2806520,32,42194,2956,632,2848714,2006
DE,education - elementary and secondary instructional,0,0,0,0,0,0,0,2006
DE,education - elementary and secondary other,0,0,0,0,0,0,0,2006
DE,education - higher education instructional,1446,9591898,3725,5671649,239086,2886,15263547,2006
DE,education - higher education other,3456,13209873,3472,3645800,217230,4765,16855673,2006
DE,education - other,333,1737121,30,49281,2145,346,1786402,2006
DE,libraries,0,0,0,0,0,0,0,2006
DE,liquor stores,0,0,0,0,0,0,0,2006
DE,other and unallocable,1466,5820436,252,185601,11144,1532,6006037,2006
FL,total,173112,609256894,42383,47748653,3186293,191215,657005547,2006
FL,financial administration,7054,25461173,228,238259,21231,7174,25699432,2006
FL,other government administration,2092,8015571,47,67966,3791,2114,8083537,2006
FL,judicial and legal,19744,76326644,643,1075283,61418,20093,77401927,2006
FL,police protection - officers,2086,7728456,6,3262,416,2088,7731718,2006
FL,police protection - other,2364,8391725,21,22160,1597,2373,8413885,2006
FL,corrections,28777,84614857,26,41430,2389,28790,84656287,2006
FL,highways,7453,28721339,21,33501,1605,7462,28754840,2006
FL,air transportation,0,0,0,0,0,0,0,2006
FL,water transport and terminals,0,0,0,0,0,0,0,2006
FL,public welfare,9694,24813940,65,90906,5636,9726,24904846,2006
FL,health,23277,64311284,1540,2528259,159735,24186,66839543,2006
FL,hospitals,3776,9731111,29,56792,2430,3790,9787903,2006
FL,social insurance administration,2427,7390650,24,47367,2242,2440,7438017,2006
FL,solid waste management,0,0,0,0,0,0,0,2006
FL,sewerage,0,0,0,0,0,0,0,2006
FL,parks and recreation,1379,3041802,158,137358,11033,1442,3179160,2006
FL,housing and community development,0,0,0,0,0,0,0,2006
FL,natural resources,9414,28302813,2675,2521234,166396,10358,30824047,2006
FL,water transport and terminals,0,0,0,0,0,0,0,2006
FL,electric power,0,0,0,0,0,0,0,2006
FL,gas supply,0,0,0,0,0,0,0,2006
FL,transit,740,2744033,21,20716,1479,748,2764749,2006
FL,education - elementary and secondary instructional,0,0,0,0,0,0,0,2006
FL,education - elementary and secondary other,0,0,0,0,0,0,0,2006
FL,education - higher education instructional,14743,103339838,14454,19512341,986112,20346,122852179,2006
FL,education - higher education other,27254,93016798,22165,21022578,1734271,37108,114039376,2006
FL,education - other,3679,11052023,83,153024,9454,3733,11205047,2006
FL,libraries,0,0,0,0,0,0,0,2006
FL,liquor stores,0,0,0,0,0,0,0,2006
FL,other and unallocable,7159,22252837,177,176217,15058,7244,22429054,2006
GA,total,109463,382191225,40248,38456459,2619862,124361,420647684,2006
GA,financial administration,4426,15578531,34,76987,2372,4439,15655518,2006
GA,other government administration,628,2370431,581,1200166,62402,983,3570597,2006
GA,judicial and legal,3435,15794507,38,52640,1985,3446,15847147,2006
GA,police protection - officers,998,3591738,0,0,0,998,3591738,2006
GA,police protection - other,1004,3327723,28,38154,2760,1020,3365877,2006
GA,corrections,19393,48707756,576,1095572,57908,19722,49803328,2006
GA,highways,5921,17144331,31,16386,664,5925,17160717,2006
GA,air transportation,0,0,0,0,0,0,0,2006
GA,water transport and terminals,858,4222812,0,0,0,858,4222812,2006
GA,public welfare,9305,25162906,118,162397,10560,9365,25325303,2006
GA,health,4802,15197859,194,257389,19176,4911,15455248,2006
GA,hospitals,7072,18449329,164,453843,16274,7164,18903172,2006
GA,social insurance administration,2156,6309156,103,141642,9309,2209,6450798,2006
GA,solid waste management,0,0,0,0,0,0,0,2006
GA,sewerage,0,0,0,0,0,0,0,2006
GA,parks and recreation,1213,3022588,1902,2427277,246365,2613,5449865,2006
GA,housing and community development,0,0,0,0,0,0,0,2006
GA,natural resources,3867,11883822,869,781239,67033,4249,12665061,2006
GA,water transport and terminals,0,0,0,0,0,0,0,2006
GA,electric power,0,0,0,0,0,0,0,2006
GA,gas supply,0,0,0,0,0,0,0,2006
GA,transit,0,0,0,0,0,0,0,2006
GA,education - elementary and secondary instructional,0,0,0,0,0,0,0,2006
GA,education - elementary and secondary other,0,0,0,0,0,0,0,2006
GA,education - higher education instructional,12284,69571142,13808,16193216,816484,16928,85764358,2006
GA,education - higher education other,25876,99318880,20841,14415936,1245274,32952,113734816,2006
GA,education - other,2945,11232818,423,1002530,47529,3214,12235348,2006
GA,libraries,0,0,0,0,0,0,0,2006
GA,liquor stores,0,0,0,0,0,0,0,2006
GA,other and unallocable,3280,11304896,538,141085,13767,3365,11445981,2006
HI,total,48912,188078460,18711,19197849,1064090,54958,207276309,2006
HI,financial administration,689,2551776,1,3754,120,690,2555530,2006
HI,other government administration,661,2340834,171,262240,13244,736,2603074,2006
HI,judicial and legal,2349,9818402,63,132888,5448,2380,9951290,2006
HI,police protection - officers,0,0,0,0,0,0,0,2006
HI,police protection - other,0,0,0,0,0,0,0,2006
HI,corrections,2307,9327396,11,39008,846,2312,9366404,2006
HI,highways,847,3524024,1,1472,78,847,3525496,2006
HI,air transportation,1003,3352330,9,12214,684,1007,3364544,2006
HI,water transport and terminals,206,768402,0,0,0,206,768402,2006
HI,public welfare,959,3398354,33,25556,3958,981,3423910,2006
HI,health,2556,9817066,94,203290,7680,2600,10020356,2006
HI,hospitals,4012,15480690,512,1311548,43142,4258,16792238,2006
HI,social insurance administration,267,1005144,6,11120,518,270,1016264,2006
HI,solid waste management,0,0,0,0,0,0,0,2006
HI,sewerage,0,0,0,0,0,0,0,2006
HI,parks and recreation,139,453880,518,91180,7040,179,545060,2006
HI,housing and community development,0,0,0,0,0,0,0,2006
HI,natural resources,1032,4397337,288,259422,16797,1127,4656759,2006
HI,water transport and terminals,0,0,0,0,0,0,0,2006
HI,electric power,0,0,0,0,0,0,0,2006
HI,gas supply,0,0,0,0,0,0,0,2006
HI,transit,0,0,0,0,0,0,0,2006
HI,education - elementary and secondary instructional,17447,68344440,6098,5980938,300032,19152,74325378,2006
HI,education - elementary and secondary other,4545,11041962,3902,2563444,193624,5645,13605406,2006
HI,education - higher education instructional,2110,12314358,1510,2844506,91168,2628,15158864,2006
HI,education - higher education other,3837,15528155,5218,5253691,360285,5884,20781846,2006
HI,education - other,133,485612,2,4300,160,134,489912,2006
HI,libraries,482,1533462,240,151870,16004,573,1685332,2006
HI,liquor stores,0,0,0,0,0,0,0,2006
HI,other and unallocable,3331,12594836,34,45408,3262,3349,12640244,2006
ID,total,17870,63952936,10538,10536118,772331,22259,74489054,2006
ID,financial administration,1139,4200915,170,177538,19895,1252,4378453,2006
ID,other government administration,166,660170,221,411479,19719,278,1071649,2006
ID,judicial and legal,464,2494327,0,0,0,464,2494327,2006
ID,police protection - officers,278,1163937,0,0,0,278,1163937,2006
ID,police protection - other,218,681766,3,4962,266,220,686728,2006
ID,corrections,1855,5172938,34,51897,3495,1875,5224835,2006
ID,highways,1621,5306648,158,251130,25678,1767,5557778,2006
ID,air transportation,0,0,0,0,0,0,0,2006
ID,water transport and terminals,0,0,0,0,0,0,0,2006
ID,public welfare,1577,5148651,222,337631,30633,1752,5486282,2006
ID,health,951,3659537,192,312471,15682,1040,3972008,2006
ID,hospitals,749,2328433,226,127617,12539,820,2456050,2006
ID,social insurance administration,504,1943168,249,513183,37096,715,2456351,2006
ID,solid waste management,0,0,0,0,0,0,0,2006
ID,sewerage,0,0,0,0,0,0,0,2006
ID,parks and recreation,170,500191,59,52323,5174,199,552514,2006
ID,housing and community development,0,0,0,0,0,0,0,2006
ID,natural resources,1554,5611916,669,1058861,76076,1985,6670777,2006
ID,water transport and terminals,0,0,0,0,0,0,0,2006
ID,electric power,0,0,0,0,0,0,0,2006
ID,gas supply,0,0,0,0,0,0,0,2006
ID,transit,0,0,0,0,0,0,0,2006
ID,education - elementary and secondary instructional,0,0,0,0,0,0,0,2006
ID,education - elementary and secondary other,0,0,0,0,0,0,0,2006
ID,education - higher education instructional,1961,9430974,1930,2565743,129779,2699,11996717,2006
ID,education - higher education other,3279,11087853,6031,4395856,368589,5374,15483709,2006
ID,education - other,439,1544680,127,167931,17262,537,1712611,2006
ID,libraries,0,0,0,0,0,0,0,2006
ID,liquor stores,119,348249,122,98399,9726,174,446648,2006
ID,other and unallocable,826,2668583,125,9097,722,830,2677680,2006
IL,total,110885,492131697,47875,45149165,3481719,131859,537280862,2006
IL,financial administration,5071,22303048,304,504588,33626,5274,22807636,2006
IL,other government administration,2472,11760533,34,71546,3128,2491,11832079,2006
IL,judicial and legal,3052,21358464,96,198272,5684,3087,21556736,2006
IL,police protection - officers,2230,13244264,0,0,0,2230,13244264,2006
IL,police protection - other,1634,6958838,23,47474,2814,1650,7006312,2006
IL,corrections,13638,60578208,7,28476,652,13642,60606684,2006
IL,highways,6708,29715096,980,2702962,117544,7415,32418058,2006
IL,air transportation,0,0,0,0,0,0,0,2006
IL,water transport and terminals,65,324462,0,0,0,65,324462,2006
IL,public welfare,9817,43251762,50,130794,4788,9846,43382556,2006
IL,health,2665,12597172,16,47636,1720,2675,12644808,2006
IL,hospitals,11054,44652353,627,1409593,53663,11378,46061946,2006
IL,social insurance administration,2060,9272960,216,625968,30728,2245,9898928,2006
IL,solid waste management,0,0,0,0,0,0,0,2006
IL,sewerage,0,0,0,0,0,0,0,2006
IL,parks and recreation,565,2149732,37,79332,4216,590,2229064,2006
IL,housing and community development,0,0,0,0,0,0,0,2006
IL,natural resources,2671,11205441,1107,1551502,161053,3640,12756943,2006
IL,water transport and terminals,0,0,0,0,0,0,0,2006
IL,electric power,0,0,0,0,0,0,0,2006
IL,gas supply,0,0,0,0,0,0,0,2006
IL,transit,0,0,0,0,0,0,0,2006
IL,education - elementary and secondary instructional,0,0,0,0,0,0,0,2006
IL,education - elementary and secondary other,0,0,0,0,0,0,0,2006
IL,education - higher education instructional,12409,68628909,15044,17840066,671195,16454,86468975,2006
IL,education - higher education other,25939,95533493,29122,19434309,2368490,40207,114967802,2006
IL,education - other,2202,9403707,36,79934,3140,2220,9483641,2006
IL,libraries,0,0,0,0,0,0,0,2006
IL,liquor stores,0,0,0,0,0,0,0,2006
IL,other and unallocable,6633,29193255,176,396713,19278,6750,29589968,2006
IN,total,72985,265090244,36932,38578736,2940698,89799,303668980,2006
IN,financial administration,2807,9726498,31,38489,2473,2822,9764987,2006
IN,other government administration,472,1959377,249,342081,14259,557,2301458,2006
IN,judicial and legal,1279,6954765,42,68160,3881,1303,7022925,2006
IN,police protection - officers,1150,5769664,0,0,0,1150,5769664,2006
IN,police protection - other,797,2225770,0,0,0,797,2225770,2006
IN,corrections,7405,21041264,10,18323,959,7411,21059587,2006
IN,highways,3890,11561191,6,6469,649,3894,11567660,2006
IN,air transportation,0,0,0,0,0,0,0,2006
IN,water transport and terminals,25,123417,0,0,0,25,123417,2006
IN,public welfare,5533,15297549,159,68215,5574,5567,15365764,2006
IN,health,1857,6759359,13,24896,943,1863,6784255,2006
IN,hospitals,2611,7464551,69,79085,5889,2646,7543636,2006
IN,social insurance administration,1266,3763913,159,151227,14329,1352,3915140,2006
IN,solid waste management,0,0,0,0,0,0,0,2006
IN,sewerage,0,0,0,0,0,0,0,2006
IN,parks and recreation,129,412661,41,39469,3706,151,452130,2006
IN,housing and community development,0,0,0,0,0,0,0,2006
IN,natural resources,2402,8650232,743,670555,64853,2783,9320787,2006
IN,water transport and terminals,0,0,0,0,0,0,0,2006
IN,electric power,0,0,0,0,0,0,0,2006
IN,gas supply,0,0,0,0,0,0,0,2006
IN,transit,0,0,0,0,0,0,0,2006
IN,education - elementary and secondary instructional,0,0,0,0,0,0,0,2006
IN,education - elementary and secondary other,0,0,0,0,0,0,0,2006
IN,education - higher education instructional,13399,78914782,12788,24097020,1503326,21953,103011802,2006
IN,education - higher education other,25053,74863211,22419,12838306,1312127,32567,87701517,2006
IN,education - other,1189,4005781,126,74497,4783,1219,4080278,2006
IN,libraries,0,0,0,0,0,0,0,2006
IN,liquor stores,0,0,0,0,0,0,0,2006
IN,other and unallocable,1721,5596259,77,61944,2947,1739,5658203,2006
IA,total,41592,197306457,24131,32720845,2053312,53258,230027302,2006
IA,financial administration,1271,5512551,62,111402,7791,1315,5623953,2006
IA,other government administration,381,1982575,414,652133,43075,626,2634708,2006
IA,judicial and legal,2207,10152987,170,373718,18999,2315,10526705,2006
IA,police protection - officers,550,2710859,0,0,0,550,2710859,2006
IA,police protection - other,330,1329571,26,21052,1521,338,1350623,2006
IA,corrections,3092,12555813,201,492121,21581,3214,13047934,2006
IA,highways,2488,10266241,0,0,0,2488,10266241,2006
IA,air transportation,0,0,0,0,0,0,0,2006
IA,water transport and terminals,0,0,0,0,0,0,0,2006
IA,public welfare,2934,11202953,58,130340,6476,2970,11333293,2006
IA,health,409,1938760,56,73538,4010,432,2012298,2006
IA,hospitals,5715,30341430,2713,5234149,244594,7105,35575579,2006
IA,social insurance administration,689,2878220,4,8167,593,692,2886387,2006
IA,solid waste management,0,0,0,0,0,0,0,2006
IA,sewerage,0,0,0,0,0,0,0,2006
IA,parks and recreation,105,447113,16,13284,1660,114,460397,2006
IA,housing and community development,0,0,0,0,0,0,0,2006
IA,natural resources,1570,7122112,394,377065,28360,1732,7499177,2006
IA,water transport and terminals,0,0,0,0,0,0,0,2006
IA,electric power,0,0,0,0,0,0,0,2006
IA,gas supply,0,0,0,0,0,0,0,2006
IA,transit,0,0,0,0,0,0,0,2006
IA,education - elementary and secondary instructional,0,0,0,0,0,0,0,2006
IA,education - elementary and secondary other,0,0,0,0,0,0,0,2006
IA,education - higher education instructional,3780,30681424,6912,15895903,795493,8300,46577327,2006
IA,education - higher education other,12241,51390876,12680,8603649,838984,17008,59994525,2006
IA,education - other,1103,4809761,113,171108,9036,1154,4980869,2006
IA,libraries,0,0,0,0,0,0,0,2006
IA,liquor stores,0,0,0,0,0,0,0,2006
IA,other and unallocable,2727,11983211,312,563216,31139,2905,12546427,2006
KS,total,38738,138695687,16563,15124194,996028,44393,153819881,2006
KS,financial administration,1930,6192396,80,99001,6893,1969,6291397,2006
KS,other government administration,513,1475588,208,515964,24947,655,1991552,2006
KS,judicial and legal,2054,7465715,182,172644,11447,2119,7638359,2006
KS,police protection - officers,635,2911233,0,0,0,635,2911233,2006
KS,police protection - other,497,1566916,13,17497,1059,503,1584413,2006
KS,corrections,3775,10444810,29,31803,1830,3783,10476613,2006
KS,highways,3454,10773083,142,152671,11774,3521,10925754,2006
KS,air transportation,0,0,0,0,0,0,0,2006
KS,water transport and terminals,0,0,0,0,0,0,0,2006
KS,public welfare,2699,6676452,113,144395,11375,2764,6820847,2006
KS,health,1120,4020489,33,72214,2691,1135,4092703,2006
KS,hospitals,2424,6408021,357,209027,8457,2473,6617048,2006
KS,social insurance administration,121,344999,1,821,89,122,345820,2006
KS,solid waste management,0,0,0,0,0,0,0,2006
KS,sewerage,0,0,0,0,0,0,0,2006
KS,parks and recreation,576,1429412,16,6467,584,579,1435879,2006
KS,housing and community development,0,0,0,0,0,0,0,2006
KS,natural resources,802,2830716,92,73205,6845,841,2903921,2006
KS,water transport and terminals,0,0,0,0,0,0,0,2006
KS,electric power,0,0,0,0,0,0,0,2006
KS,gas supply,0,0,0,0,0,0,0,2006
KS,transit,0,0,0,0,0,0,0,2006
KS,education - elementary and secondary instructional,0,0,0,0,0,0,0,2006
KS,education - elementary and secondary other,0,0,0,0,0,0,0,2006
KS,education - higher education instructional,4123,28121627,3598,5966214,233279,5449,34087841,2006
KS,education - higher education other,10189,35600923,11367,7336597,656400,13918,42937520,2006
KS,education - other,574,1955179,69,91694,4287,598,2046873,2006
KS,libraries,0,0,0,0,0,0,0,2006
KS,liquor stores,0,0,0,0,0,0,0,2006
KS,other and unallocable,3252,10478128,263,233980,14071,3329,10712108,2006
KY,total,70988,250528520,26342,20230875,1400037,79266,270759395,2006
KY,financial administration,2678,9800947,8,10098,524,2681,9811045,2006
KY,other government administration,1004,4587060,390,761266,27546,1170,5348326,2006
KY,judicial and legal,4617,15613925,795,1446990,102446,5235,17060915,2006
KY,police protection - officers,1010,3499158,0,0,0,1010,3499158,2006
KY,police protection - other,1370,5018397,0,0,0,1370,5018397,2006
KY,corrections,4114,10723445,165,107796,2522,4129,10831241,2006
KY,highways,4835,15053348,55,99920,4260,4860,15153268,2006
KY,air transportation,0,0,0,0,0,0,0,2006
KY,water transport and terminals,0,0,0,0,0,0,0,2006
KY,public welfare,6816,19970435,0,0,0,6816,19970435,2006
KY,health,2231,7458154,77,132077,7980,2277,7590231,2006
KY,hospitals,5593,17933385,432,1032082,50076,5880,18965467,2006
KY,social insurance administration,1057,3253001,1,2198,62,1057,3255199,2006
KY,solid waste management,0,0,0,0,0,0,0,2006
KY,sewerage,0,0,0,0,0,0,0,2006
KY,parks and recreation,1462,3288473,155,137884,18210,1572,3426357,2006
KY,housing and community development,0,0,0,0,0,0,0,2006
KY,natural resources,3463,11202845,945,1090463,91962,3997,12293308,2006
KY,water transport and terminals,0,0,0,0,0,0,0,2006
KY,electric power,0,0,0,0,0,0,0,2006
KY,gas supply,0,0,0,0,0,0,0,2006
KY,transit,0,0,0,0,0,0,0,2006
KY,education - elementary and secondary instructional,0,0,0,0,0,0,0,2006
KY,education - elementary and secondary other,0,0,0,0,0,0,0,2006
KY,education - higher education instructional,8383,49921969,7068,8708961,471258,11150,58630930,2006
KY,education - higher education other,15684,50096628,16042,6521852,613703,19334,56618480,2006
KY,education - other,2800,10698301,152,121912,6678,2840,10820213,2006
KY,libraries,0,0,0,0,0,0,0,2006
KY,liquor stores,0,0,0,0,0,0,0,2006
KY,other and unallocable,3871,12409049,57,57376,2810,3888,12466425,2006
LA,total,76288,268200251,23212,15880168,1238744,83358,284080419,2006
LA,financial administration,2442,8215209,98,92235,8213,2490,8307444,2006
LA,other government administration,2051,8012801,440,441100,28300,2225,8453901,2006
LA,judicial and legal,1433,5004789,72,60221,4699,1461,5065010,2006
LA,police protection - officers,1121,4854901,0,0,0,1121,4854901,2006
LA,police protection - other,564,1671754,6,4550,272,566,1676304,2006
LA,corrections,7193,22308105,169,176936,17110,7290,22485041,2006
LA,highways,4922,15345939,30,39072,3154,4940,15385011,2006
LA,air transportation,0,0,0,0,0,0,0,2006
LA,water transport and terminals,327,1270785,4,7613,405,329,1278398,2006
LA,public welfare,5009,15786024,132,71242,4060,5032,15857266,2006
LA,health,3765,14356765,105,111444,8236,3811,14468209,2006
LA,hospitals,12540,38478135,1050,1253998,80510,12998,39732133,2006
LA,social insurance administration,1024,3359738,61,68169,6215,1059,3427907,2006
LA,solid waste management,0,0,0,0,0,0,0,2006
LA,sewerage,0,0,0,0,0,0,0,2006
LA,parks and recreation,811,2128218,110,61354,9671,866,2189572,2006
LA,housing and community development,0,0,0,0,0,0,0,2006
LA,natural resources,4381,14973283,855,656902,64302,4746,15630185,2006
LA,water transport and terminals,0,0,0,0,0,0,0,2006
LA,electric power,0,0,0,0,0,0,0,2006
LA,gas supply,0,0,0,0,0,0,0,2006
LA,transit,0,0,0,0,0,0,0,2006
LA,education - elementary and secondary instructional,0,0,0,0,0,0,0,2006
LA,education - elementary and secondary other,0,0,0,0,0,0,0,2006
LA,education - higher education instructional,7582,44190336,5110,5898563,344866,9542,50088899,2006
LA,education - higher education other,15348,47549781,14082,6188982,608217,18819,53738763,2006
LA,education - other,3287,11960147,604,529852,29729,3458,12489999,2006
LA,libraries,0,0,0,0,0,0,0,2006
LA,liquor stores,0,0,0,0,0,0,0,2006
LA,other and unallocable,2488,8733541,284,217935,20785,2605,8951476,2006
ME,total,19519,71742963,7350,7010333,377565,21680,78753296,2006
ME,financial administration,1349,4437287,105,195216,12084,1418,4632503,2006
ME,other government administration,347,1493553,226,548299,29247,514,2041852,2006
ME,judicial and legal,700,3020503,65,119581,5616,732,3140084,2006
ME,police protection - officers,302,1703082,0,0,0,302,1703082,2006
ME,police protection - other,253,850229,0,0,0,253,850229,2006
ME,corrections,1294,4768303,54,95711,5407,1325,4864014,2006
ME,highways,2454,8751262,135,217229,14775,2538,8968491,2006
ME,air transportation,0,0,0,0,0,0,0,2006
ME,water transport and terminals,71,216042,15,19530,1439,79,235572,2006
ME,public welfare,1976,6413026,109,197418,10649,2037,6610444,2006
ME,health,1256,4788009,59,144110,6839,1295,4932119,2006
ME,hospitals,588,2186695,72,148170,5092,617,2334865,2006
ME,social insurance administration,400,1403770,28,54451,3038,417,1458221,2006
ME,solid waste management,0,0,0,0,0,0,0,2006
ME,sewerage,0,0,0,0,0,0,0,2006
ME,parks and recreation,141,480624,38,54897,3467,161,535521,2006
ME,housing and community development,0,0,0,0,0,0,0,2006
ME,natural resources,1044,3956466,190,270478,13419,1121,4226944,2006
ME,water transport and terminals,0,0,0,0,0,0,0,2006
ME,electric power,0,0,0,0,0,0,0,2006
ME,gas supply,0,0,0,0,0,0,0,2006
ME,transit,0,0,0,0,0,0,0,2006
ME,education - elementary and secondary instructional,18,72210,13,23134,1784,28,95344,2006
ME,education - elementary and secondary other,5,12035,28,28709,3474,25,40744,2006
ME,education - higher education instructional,1503,7431271,581,756255,31363,1686,8187526,2006
ME,education - higher education other,4055,13365727,5518,3896719,217046,5294,17262446,2006
ME,education - other,250,912726,25,48336,2570,265,961062,2006
ME,libraries,0,0,0,0,0,0,0,2006
ME,liquor stores,1,4621,0,0,0,1,4621,2006
ME,other and unallocable,1512,5475522,89,192090,10256,1572,5667612,2006
MD,total,82029,352249148,14276,27561824,1448731,90262,379810972,2006
MD,financial administration,3472,14271432,141,312586,16655,3567,14584018,2006
MD,other government administration,1432,7120677,303,552657,17003,1529,7673334,2006
MD,judicial and legal,4442,21958257,472,954356,62811,4798,22912613,2006
MD,police protection - officers,1591,8766898,0,0,0,1591,8766898,2006
MD,police protection - other,871,2909923,36,91660,5183,900,3001583,2006
MD,corrections,11560,43823052,263,571036,39535,11785,44394088,2006
MD,highways,4702,18656280,0,0,0,4702,18656280,2006
MD,air transportation,524,2314093,0,0,0,524,2314093,2006
MD,water transport and terminals,291,1435475,0,0,0,291,1435475,2006
MD,public welfare,6736,23927540,108,231103,15370,6823,24158643,2006
MD,health,6285,25019989,789,1504815,91472,6805,26524804,2006
MD,hospitals,4641,16947357,635,960372,57813,4970,17907729,2006
MD,social insurance administration,824,3172270,147,322919,22105,950,3495189,2006
MD,solid waste management,0,0,0,0,0,0,0,2006
MD,sewerage,0,0,0,0,0,0,0,2006
MD,parks and recreation,316,1298540,128,173037,17092,413,1471577,2006
MD,housing and community development,0,0,0,0,0,0,0,2006
MD,natural resources,1952,8802430,128,279005,17915,2054,9081435,2006
MD,water transport and terminals,0,0,0,0,0,0,0,2006
MD,electric power,0,0,0,0,0,0,0,2006
MD,gas supply,0,0,0,0,0,0,0,2006
MD,transit,2099,9530117,248,397947,28930,2263,9928064,2006
MD,education - elementary and secondary instructional,0,0,0,0,0,0,0,2006
MD,education - elementary and secondary other,0,0,0,0,0,0,0,2006
MD,education - higher education instructional,9125,59536034,3645,10377952,346621,11095,69913986,2006
MD,education - higher education other,11870,44125542,6219,8913334,594046,15245,53038876,2006
MD,education - other,2101,9126688,343,661122,34257,2296,9787810,2006
MD,libraries,0,0,0,0,0,0,0,2006
MD,liquor stores,0,0,0,0,0,0,0,2006
MD,other and unallocable,7195,29506554,671,1257923,81923,7661,30764477,2006
MA,total,82071,376404124,27895,38525637,1502757,90989,414929761,2006
MA,financial administration,4117,19475067,332,1028925,22114,4251,20503992,2006
MA,other government administration,1789,5720202,308,1168303,29145,1962,6888505,2006
MA,judicial and legal,9617,45780618,462,1271228,37870,9846,47051846,2006
MA,police protection - officers,5270,29354684,68,167218,4131,5294,29521902,2006
MA,police protection - other,630,2546337,9,23428,497,633,2569765,2006
MA,corrections,6450,28611339,148,408070,8194,6500,29019409,2006
MA,highways,3617,17789488,204,637570,24109,3755,18427058,2006
MA,air transportation,1105,6859230,158,265638,11954,1173,7124868,2006
MA,water transport and terminals,159,867397,7,11200,735,163,878597,2006
MA,public welfare,6575,29415131,656,1786029,38315,6806,31201160,2006
MA,health,6651,27117280,1205,2416734,98948,7247,29534014,2006
MA,hospitals,6847,24657966,917,2233798,88488,7360,26891764,2006
MA,social insurance administration,1377,5458646,51,175915,6294,1415,5634561,2006
MA,solid waste management,0,0,0,0,0,0,0,2006
MA,sewerage,846,4866036,37,147468,3543,866,5013504,2006
MA,parks and recreation,458,1794509,59,70695,3667,479,1865204,2006
MA,housing and community development,0,0,0,0,0,0,0,2006
MA,natural resources,1293,6535544,186,537564,17316,1399,7073108,2006
MA,water transport and terminals,460,2497621,21,67197,1922,471,2564818,2006
MA,electric power,0,0,0,0,0,0,0,2006
MA,gas supply,0,0,0,0,0,0,0,2006
MA,transit,0,0,0,0,0,0,0,2006
MA,education - elementary and secondary instructional,0,0,0,0,0,0,0,2006
MA,education - elementary and secondary other,0,0,0,0,0,0,0,2006
MA,education - higher education instructional,6177,35166001,9322,15119772,503756,9172,50285773,2006
MA,education - higher education other,13116,54773957,13356,9854018,574646,16513,64627975,2006
MA,education - other,1040,5222108,78,238581,7728,1086,5460689,2006
MA,libraries,0,0,0,0,0,0,0,2006
MA,liquor stores,0,0,0,0,0,0,0,2006
MA,other and unallocable,4477,21894963,311,896286,19385,4598,22791249,2006
MI,total,112559,501126905,64775,59219995,3934380,134918,560346900,2006
MI,financial administration,4025,18952608,749,2035970,99207,4588,20988578,2006
MI,other government administration,1520,6315790,18,72597,2205,1533,6388387,2006
MI,judicial and legal,1514,10079912,64,179730,6919,1553,10259642,2006
MI,police protection - officers,1959,7961478,0,0,0,1959,7961478,2006
MI,police protection - other,827,2789724,60,147083,4291,851,2936807,2006
MI,corrections,17146,74573033,188,773125,26077,17294,75346158,2006
MI,highways,2716,12167411,311,820300,40200,2944,12987711,2006
MI,air transportation,0,0,0,0,0,0,0,2006
MI,water transport and terminals,0,0,0,0,0,0,0,2006
MI,public welfare,9612,39796991,464,1658565,70740,10014,41455556,2006
MI,health,1778,8310864,235,410214,19547,1889,8721078,2006
MI,hospitals,11819,40968693,3375,5213611,363884,13887,46182304,2006
MI,social insurance administration,958,3392506,33,52462,2981,975,3444968,2006
MI,solid waste management,0,0,0,0,0,0,0,2006
MI,sewerage,0,0,0,0,0,0,0,2006
MI,parks and recreation,205,837986,101,280954,13284,280,1118940,2006
MI,housing and community development,0,0,0,0,0,0,0,2006
MI,natural resources,4016,17525432,1050,1508401,99098,4578,19033833,2006
MI,water transport and terminals,0,0,0,0,0,0,0,2006
MI,electric power,0,0,0,0,0,0,0,2006
MI,gas supply,0,0,0,0,0,0,0,2006
MI,transit,0,0,0,0,0,0,0,2006
MI,education - elementary and secondary instructional,490,1611991,97,119911,7455,535,1731902,2006
MI,education - elementary and secondary other,149,343720,81,74199,6396,188,417919,2006
MI,education - higher education instructional,16051,114001623,14272,23466590,1163269,22662,137468213,2006
MI,education - higher education other,31677,117011055,43026,20843848,1937028,42684,137854903,2006
MI,education - other,1150,5219435,281,970567,41820,1387,6190002,2006
MI,libraries,0,0,0,0,0,0,0,2006
MI,liquor stores,0,0,0,0,0,0,0,2006
MI,other and unallocable,4947,19266653,370,591868,29979,5117,19858521,2006
MN,total,62858,299326213,31970,38875660,2451959,76795,338201873,2006
MN,financial administration,2423,10337475,106,221700,17320,2522,10559175,2006
MN,other government administration,997,4166913,239,516350,31246,1175,4683263,2006
MN,judicial and legal,2907,14459218,485,1604951,69139,3300,16064169,2006
MN,police protection - officers,532,2623389,0,0,0,532,2623389,2006
MN,police protection - other,410,1359407,41,79861,4331,435,1439268,2006
MN,corrections,3907,15264204,149,370230,19485,4018,15634434,2006
MN,highways,4476,19916444,218,354548,24246,4614,20270992,2006
MN,air transportation,0,0,0,0,0,0,0,2006
MN,water transport and terminals,0,0,0,0,0,0,0,2006
MN,public welfare,1678,7040520,1208,2602466,201153,2820,9642986,2006
MN,health,2115,9988731,256,627560,28325,2275,10616291,2006
MN,hospitals,3509,15271789,1410,3472597,245548,4904,18744386,2006
MN,social insurance administration,1088,4566401,96,236364,11314,1152,4802765,2006
MN,solid waste management,0,0,0,0,0,0,0,2006
MN,sewerage,622,3486488,26,7499,624,626,3493987,2006
MN,parks and recreation,502,2143475,154,201979,12640,574,2345454,2006
MN,housing and community development,0,0,0,0,0,0,0,2006
MN,natural resources,2639,11652262,630,1058611,72656,3052,12710873,2006
MN,water transport and terminals,0,0,0,0,0,0,0,2006
MN,electric power,0,0,0,0,0,0,0,2006
MN,gas supply,0,0,0,0,0,0,0,2006
MN,transit,2280,10076992,420,148422,8245,2327,10225414,2006
MN,education - elementary and secondary instructional,0,0,0,0,0,0,0,2006
MN,education - elementary and secondary other,0,0,0,0,0,0,0,2006
MN,education - higher education instructional,10398,57636605,9664,12818281,590234,13752,70454886,2006
MN,education - higher education other,15912,79808756,16013,13175502,1044700,21852,92984258,2006
MN,education - other,3360,15420785,635,955487,48718,3636,16376272,2006
MN,libraries,0,0,0,0,0,0,0,2006
MN,liquor stores,0,0,0,0,0,0,0,2006
MN,other and unallocable,3103,14106359,220,423252,22035,3229,14529611,2006
MS,total,49488,158234659,13760,11255690,976846,55036,169490349,2006
MS,financial administration,1099,3446366,36,54970,4043,1121,3501336,2006
MS,other government administration,449,1659382,70,77711,3304,468,1737093,2006
MS,judicial and legal,644,3601789,52,47809,2751,660,3649598,2006
MS,police protection - officers,658,2157637,0,0,0,658,2157637,2006
MS,police protection - other,509,1322643,0,0,0,509,1322643,2006
MS,corrections,3502,9182881,18,36662,2674,3517,9219543,2006
MS,highways,3260,8315534,11,21986,1810,3270,8337520,2006
MS,air transportation,0,0,0,0,0,0,0,2006
MS,water transport and terminals,51,199932,1,816,122,52,200748,2006
MS,public welfare,2431,5525718,0,0,0,2431,5525718,2006
MS,health,2879,8504514,71,148929,6967,2918,8653443,2006
MS,hospitals,11788,32526271,489,869838,46702,12054,33396109,2006
MS,social insurance administration,794,2336222,322,668474,48807,1071,3004696,2006
MS,solid waste management,0,0,0,0,0,0,0,2006
MS,sewerage,0,0,0,0,0,0,0,2006
MS,parks and recreation,351,735928,41,37503,5289,381,773431,2006
MS,housing and community development,0,0,0,0,0,0,0,2006
MS,natural resources,2821,7588410,719,608904,49092,3101,8197314,2006
MS,water transport and terminals,39,118732,11,9350,1313,46,128082,2006
MS,electric power,0,0,0,0,0,0,0,2006
MS,gas supply,0,0,0,0,0,0,0,2006
MS,transit,0,0,0,0,0,0,0,2006
MS,education - elementary and secondary instructional,0,0,0,0,0,0,0,2006
MS,education - elementary and secondary other,0,0,0,0,0,0,0,2006
MS,education - higher education instructional,5403,30095161,1624,2424948,146148,6232,32520109,2006
MS,education - higher education other,8716,28879418,10208,6150145,648586,12401,35029563,2006
MS,education - other,1457,4256534,34,32321,4826,1485,4288855,2006
MS,libraries,0,0,0,0,0,0,0,2006
MS,liquor stores,121,278010,0,0,0,121,278010,2006
MS,other and unallocable,2516,7503577,53,65324,4412,2540,7568901,2006
MO,total,79838,250445592,27131,21503333,1823828,90228,271948925,2006
MO,financial administration,2452,7301382,260,273360,28218,2612,7574742,2006
MO,other government administration,731,2182500,278,626032,35476,954,2808532,2006
MO,judicial and legal,3958,15977088,211,224918,19190,4067,16202006,2006
MO,police protection - officers,1181,4745936,0,0,0,1181,4745936,2006
MO,police protection - other,1138,3009950,104,68000,8112,1184,3077950,2006
MO,corrections,12435,30628080,297,239572,20764,12553,30867652,2006
MO,highways,6350,20147334,506,880516,70820,6752,21027850,2006
MO,air transportation,0,0,0,0,0,0,0,2006
MO,water transport and terminals,0,0,0,0,0,0,0,2006
MO,public welfare,7608,17930802,436,372136,28406,7769,18302938,2006
MO,health,3166,8672399,279,419447,24295,3304,9091846,2006
MO,hospitals,10931,29792172,1517,2013114,145868,11760,31805286,2006
MO,social insurance administration,592,1634040,9,15116,838,597,1649156,2006
MO,solid waste management,0,0,0,0,0,0,0,2006
MO,sewerage,0,0,0,0,0,0,0,2006
MO,parks and recreation,550,1432696,295,194046,25244,693,1626742,2006
MO,housing and community development,0,0,0,0,0,0,0,2006
MO,natural resources,2240,6773750,615,598162,64623,2607,7371912,2006
MO,water transport and terminals,0,0,0,0,0,0,0,2006
MO,electric power,0,0,0,0,0,0,0,2006
MO,gas supply,0,0,0,0,0,0,0,2006
MO,transit,0,0,0,0,0,0,0,2006
MO,education - elementary and secondary instructional,0,0,0,0,0,0,0,2006
MO,education - elementary and secondary other,0,0,0,0,0,0,0,2006
MO,education - higher education instructional,7857,40810944,7602,7623894,493950,10665,48434838,2006
MO,education - higher education other,13359,43127687,13315,5870049,719242,17453,48997736,2006
MO,education - other,1123,3355930,1176,1882458,121996,1816,5238388,2006
MO,libraries,0,0,0,0,0,0,0,2006
MO,liquor stores,0,0,0,0,0,0,0,2006
MO,other and unallocable,4167,12922902,231,202513,16786,4261,13125415,2006
MT,total,16513,57736175,7425,6468004,423795,18933,64204179,2006
MT,financial administration,893,2669360,109,114550,9855,952,2783910,2006
MT,other government administration,323,1223298,81,51640,4144,347,1274938,2006
MT,judicial and legal,434,1718745,101,223561,9024,486,1942306,2006
MT,police protection - officers,206,708264,0,0,0,206,708264,2006
MT,police protection - other,223,770826,12,20653,1232,231,791479,2006
MT,corrections,1179,3627183,34,39874,2537,1193,3667057,2006
MT,highways,2114,7721650,127,175192,11097,2177,7896842,2006
MT,air transportation,0,0,0,0,0,0,0,2006
MT,water transport and terminals,0,0,0,0,0,0,0,2006
MT,public welfare,1438,4523930,225,368352,26614,1590,4892282,2006
MT,health,736,2388464,87,127048,8261,783,2515512,2006
MT,hospitals,519,1553225,85,131031,9080,571,1684256,2006
MT,social insurance administration,803,2766245,32,49240,3236,822,2815485,2006
MT,solid waste management,0,0,0,0,0,0,0,2006
MT,sewerage,0,0,0,0,0,0,0,2006
MT,parks and recreation,71,222817,37,21525,2019,82,244342,2006
MT,housing and community development,0,0,0,0,0,0,0,2006
MT,natural resources,1361,4685442,275,296162,23298,1494,4981604,2006
MT,water transport and terminals,0,0,0,0,0,0,0,2006
MT,electric power,0,0,0,0,0,0,0,2006
MT,gas supply,0,0,0,0,0,0,0,2006
MT,transit,0,0,0,0,0,0,0,2006
MT,education - elementary and secondary instructional,0,0,0,0,0,0,0,2006
MT,education - elementary and secondary other,0,0,0,0,0,0,0,2006
MT,education - higher education instructional,1637,8665946,2397,2474638,116739,2302,11140584,2006
MT,education - higher education other,3148,9451838,3642,2124175,179634,4172,11576013,2006
MT,education - other,382,1274252,92,122003,9022,433,1396255,2006
MT,libraries,0,0,0,0,0,0,0,2006
MT,liquor stores,21,62645,2,2225,210,22,64870,2006
MT,other and unallocable,1025,3702045,87,126135,7793,1070,3828180,2006
NE,total,27663,92535920,11018,9279028,922858,32904,101814948,2006
NE,financial administration,581,1877870,15,17475,1226,587,1895345,2006
NE,other government administration,271,1006083,104,102302,7063,311,1108385,2006
NE,judicial and legal,719,3063091,72,61371,4853,746,3124462,2006
NE,police protection - officers,487,1887964,0,0,0,487,1887964,2006
NE,police protection - other,237,707094,2,2867,230,238,709961,2006
NE,corrections,2797,7696513,97,118984,8723,2846,7815497,2006
NE,highways,2135,6847083,10,19218,1167,2142,6866301,2006
NE,air transportation,26,92735,0,0,0,26,92735,2006
NE,water transport and terminals,0,0,0,0,0,0,0,2006
NE,public welfare,2512,6666269,231,226936,13475,2588,6893205,2006
NE,health,670,2364869,70,129975,8974,721,2494844,2006
NE,hospitals,3469,10835712,884,1334922,102090,4050,12170634,2006
NE,social insurance administration,322,1029416,13,22450,1483,330,1051866,2006
NE,solid waste management,0,0,0,0,0,0,0,2006
NE,sewerage,0,0,0,0,0,0,0,2006
NE,parks and recreation,237,658566,151,130625,16466,331,789191,2006
NE,housing and community development,0,0,0,0,0,0,0,2006
NE,natural resources,1590,4857509,774,1221951,103916,2181,6079460,2006
NE,water transport and terminals,0,0,0,0,0,0,0,2006
NE,electric power,0,0,0,0,0,0,0,2006
NE,gas supply,0,0,0,0,0,0,0,2006
NE,transit,0,0,0,0,0,0,0,2006
NE,education - elementary and secondary instructional,0,0,0,0,0,0,0,2006
NE,education - elementary and secondary other,0,0,0,0,0,0,0,2006
NE,education - higher education instructional,2785,15662045,1057,1514231,87468,3281,17176276,2006
NE,education - higher education other,5918,18242503,7128,4138391,549307,9039,22380894,2006
NE,education - other,517,1990931,26,35447,2213,530,2026378,2006
NE,libraries,0,0,0,0,0,0,0,2006
NE,liquor stores,0,0,0,0,0,0,0,2006
NE,other and unallocable,2390,7049667,384,201883,14204,2470,7251550,2006
NV,total,22617,95037852,10905,9455609,571499,25859,104493461,2006
NV,financial administration,1406,5139031,28,50058,1832,1417,5189089,2006
NV,other government administration,953,4219003,69,101838,4415,979,4320841,2006
NV,judicial and legal,628,3766812,30,62929,1259,635,3829741,2006
NV,police protection - officers,422,2776757,0,0,0,422,2776757,2006
NV,police protection - other,422,1748772,0,0,0,422,1748772,2006
NV,corrections,3467,14991313,65,176815,3514,3486,15168128,2006
NV,highways,1719,7758786,4,7032,354,1721,7765818,2006
NV,air transportation,0,0,0,0,0,0,0,2006
NV,water transport and terminals,0,0,0,0,0,0,0,2006
NV,public welfare,1547,5600353,13,23388,846,1551,5623741,2006
NV,health,1138,4911209,37,76557,2357,1151,4987766,2006
NV,hospitals,1109,4899325,121,336459,10674,1170,5235784,2006
NV,social insurance administration,389,1453568,0,0,0,389,1453568,2006
NV,solid waste management,0,0,0,0,0,0,0,2006
NV,sewerage,0,0,0,0,0,0,0,2006
NV,parks and recreation,181,702719,9,16804,620,185,719523,2006
NV,housing and community development,0,0,0,0,0,0,0,2006
NV,natural resources,1129,4580420,397,397035,18745,1235,4977455,2006
NV,water transport and terminals,20,107866,1,1007,46,20,108873,2006
NV,electric power,20,107866,1,1007,46,20,108873,2006
NV,gas supply,0,0,0,0,0,0,0,2006
NV,transit,0,0,0,0,0,0,0,2006
NV,education - elementary and secondary instructional,0,0,0,0,0,0,0,2006
NV,education - elementary and secondary other,0,0,0,0,0,0,0,2006
NV,education - higher education instructional,1890,11331012,2069,3324857,151969,2753,14655869,2006
NV,education - higher education other,3974,11243547,7990,4792382,370967,6081,16035929,2006
NV,education - other,123,579996,4,7056,237,124,587052,2006
NV,libraries,0,0,0,0,0,0,0,2006
NV,liquor stores,0,0,0,0,0,0,0,2006
NV,other and unallocable,2080,9119497,67,80385,3618,2098,9199882,2006
NH,total,15857,61818630,8709,8617919,534259,19076,70436549,2006
NH,financial administration,872,3265130,58,74458,4964,902,3339588,2006
NH,other government administration,313,1087698,92,100311,7370,357,1188009,2006
NH,judicial and legal,918,3433640,1,1151,120,919,3434791,2006
NH,police protection - officers,273,1344494,0,0,0,273,1344494,2006
NH,police protection - other,142,487191,15,2630,213,143,489821,2006
NH,corrections,1316,5002674,61,93752,5993,1352,5096426,2006
NH,highways,1676,5572890,258,304124,23721,1819,5877014,2006
NH,air transportation,47,193101,25,33135,2420,61,226236,2006
NH,water transport and terminals,7,31007,6,5285,531,10,36292,2006
NH,public welfare,1462,4614695,93,143934,8440,1513,4758629,2006
NH,health,826,3197110,77,88393,6387,865,3285503,2006
NH,hospitals,777,2576193,66,130684,1824,788,2706877,2006
NH,social insurance administration,323,988144,42,51139,3441,344,1039283,2006
NH,solid waste management,0,0,0,0,0,0,0,2006
NH,sewerage,0,0,0,0,0,0,0,2006
NH,parks and recreation,79,233147,213,144249,17070,182,377396,2006
NH,housing and community development,0,0,0,0,0,0,0,2006
NH,natural resources,356,1374925,113,120671,8013,404,1495596,2006
NH,water transport and terminals,23,102037,1,1063,82,23,103100,2006
NH,electric power,0,0,0,0,0,0,0,2006
NH,gas supply,0,0,0,0,0,0,0,2006
NH,transit,0,0,0,0,0,0,0,2006
NH,education - elementary and secondary instructional,0,0,0,0,0,0,0,2006
NH,education - elementary and secondary other,0,0,0,0,0,0,0,2006
NH,education - higher education instructional,1467,9472195,1901,3074122,121471,2199,12546317,2006
NH,education - higher education other,2586,10308007,4875,3601123,258793,4145,13909130,2006
NH,education - other,302,1087266,23,35937,2160,315,1123203,2006
NH,libraries,0,0,0,0,0,0,0,2006
NH,liquor stores,299,937591,424,287937,34654,508,1225528,2006
NH,other and unallocable,1793,6509495,365,323821,26592,1954,6833316,2006
NJ,total,144847,731228012,34874,36240807,1965167,156768,767468819,2006
NJ,financial administration,6418,27014694,513,879208,63041,6776,27893902,2006
NJ,other government administration,1366,7055480,40,61071,3591,1387,7116551,2006
NJ,judicial and legal,14816,73634992,281,416154,24971,14958,74051146,2006
NJ,police protection - officers,2972,21862236,0,0,0,2972,21862236,2006
NJ,police protection - other,1663,6307188,26,48522,2289,1676,6355710,2006
NJ,corrections,10238,52313942,20,39996,1468,10246,52353938,2006
NJ,highways,6900,33181571,908,1120251,85757,7390,34301822,2006
NJ,air transportation,0,0,0,0,0,0,0,2006
NJ,water transport and terminals,129,628072,4,5288,385,131,633360,2006
NJ,public welfare,8073,35052036,150,252693,13189,8148,35304729,2006
NJ,health,4464,22840510,447,1216460,22395,4597,24056970,2006
NJ,hospitals,17405,70139120,2453,3393429,238461,18767,73532549,2006
NJ,social insurance administration,1968,8068239,29,50955,3031,1985,8119194,2006
NJ,solid waste management,644,3644333,1,706,91,645,3645039,2006
NJ,sewerage,0,0,0,0,0,0,0,2006
NJ,parks and recreation,1494,6804978,1432,1735847,107451,2104,8540825,2006
NJ,housing and community development,0,0,0,0,0,0,0,2006
NJ,natural resources,2289,11153469,474,669608,24347,2434,11823077,2006
NJ,water transport and terminals,122,528601,2,2079,115,123,530680,2006
NJ,electric power,0,0,0,0,0,0,0,2006
NJ,gas supply,0,0,0,0,0,0,0,2006
NJ,transit,10014,49374148,827,1359580,84161,10492,50733728,2006
NJ,education - elementary and secondary instructional,12584,85129970,1658,2219510,111275,13342,87349480,2006
NJ,education - elementary and secondary other,5392,18153933,2175,1564419,115905,6179,19718352,2006
NJ,education - higher education instructional,7503,64553439,6931,9566808,260894,9115,74120247,2006
NJ,education - higher education other,18236,82597210,15687,10729170,734044,22755,93326380,2006
NJ,education - other,3096,15170974,560,651122,52527,3395,15822096,2006
NJ,libraries,0,0,0,0,0,0,0,2006
NJ,liquor stores,0,0,0,0,0,0,0,2006
NJ,other and unallocable,7061,36018877,256,257931,15779,7151,36276808,2006
NM,total,43645,144010662,16559,18790760,1255682,50783,162801422,2006
NM,financial administration,1615,5596994,184,272219,27427,1771,5869213,2006
NM,other government administration,214,954274,17,34409,1637,224,988683,2006
NM,judicial and legal,2880,10445221,153,256372,15263,2967,10701593,2006
NM,police protection - officers,605,2915200,0,0,0,605,2915200,2006
NM,police protection - other,152,1084800,0,0,0,152,1084800,2006
NM,corrections,3897,11809243,103,195118,13771,3975,12004361,2006
NM,highways,2571,7976891,0,0,0,2571,7976891,2006
NM,air transportation,10,38745,0,0,0,10,38745,2006
NM,water transport and terminals,0,0,0,0,0,0,0,2006
NM,public welfare,1585,4597975,48,94489,7676,1629,4692464,2006
NM,health,2304,8241493,108,226197,14316,2385,8467690,2006
NM,hospitals,8700,31048904,2135,5210634,330066,10575,36259538,2006
NM,social insurance administration,488,1345919,20,40689,2922,505,1386608,2006
NM,solid waste management,0,0,0,0,0,0,0,2006
NM,sewerage,0,0,0,0,0,0,0,2006
NM,parks and recreation,708,1986716,117,230364,15649,797,2217080,2006
NM,housing and community development,0,0,0,0,0,0,0,2006
NM,natural resources,1768,6040708,123,159071,13067,1843,6199779,2006
NM,water transport and terminals,0,0,0,0,0,0,0,2006
NM,electric power,0,0,0,0,0,0,0,2006
NM,gas supply,0,0,0,0,0,0,0,2006
NM,transit,0,0,0,0,0,0,0,2006
NM,education - elementary and secondary instructional,0,0,0,0,0,0,0,2006
NM,education - elementary and secondary other,0,0,0,0,0,0,0,2006
NM,education - higher education instructional,3490,11133710,3829,4916728,219286,4736,16050438,2006
NM,education - higher education other,9481,28017760,9545,6795456,571729,12730,34813216,2006
NM,education - other,1138,3918212,88,141902,9766,1194,4060114,2006
NM,libraries,0,0,0,0,0,0,0,2006
NM,liquor stores,0,0,0,0,0,0,0,2006
NM,other and unallocable,2039,6857897,89,217112,13107,2114,7075009,2006
NY,total,231256,1123941496,46742,59870704,3017454,249208,1183812200,2006
NY,financial administration,12322,56920738,183,350302,14683,12407,57271040,2006
NY,other government administration,4473,18396296,551,819260,56552,4795,19215556,2006
NY,judicial and legal,19424,113221518,751,2276829,98514,19983,115498347,2006
NY,police protection - officers,4677,35912242,0,0,0,4677,35912242,2006
NY,police protection - other,1606,6448848,157,244488,23748,1741,6693336,2006
NY,corrections,33620,146769376,454,1175535,47869,33891,147944911,2006
NY,highways,11849,54833505,1003,1217475,83174,12321,56050980,2006
NY,air transportation,141,533877,1,2922,73,141,536799,2006
NY,water transport and terminals,645,3688480,18,51237,2154,657,3739717,2006
NY,public welfare,5866,27376553,639,1338540,75861,6299,28715093,2006
NY,health,9191,48621103,365,1080501,41092,9425,49701604,2006
NY,hospitals,40420,173532694,4987,10360273,462955,43059,183892967,2006
NY,social insurance administration,7426,34275605,104,274207,14518,7510,34549812,2006
NY,solid waste management,0,0,0,0,0,0,0,2006
NY,sewerage,0,0,0,0,0,0,0,2006
NY,parks and recreation,1672,6981789,1232,2170216,167664,2624,9152005,2006
NY,housing and community development,0,0,0,0,0,0,0,2006
NY,natural resources,3380,16690739,95,150576,8602,3429,16841315,2006
NY,water transport and terminals,0,0,0,0,0,0,0,2006
NY,electric power,1705,12513791,29,85093,2927,1722,12598884,2006
NY,gas supply,0,0,0,0,0,0,0,2006
NY,transit,14949,87440381,284,433777,32666,15135,87874158,2006
NY,education - elementary and secondary instructional,0,0,0,0,0,0,0,2006
NY,education - elementary and secondary other,0,0,0,0,0,0,0,2006
NY,education - higher education instructional,17796,107904922,16181,21469827,748753,22355,129374749,2006
NY,education - higher education other,22773,86506650,19158,15068866,1081973,29405,101575516,2006
NY,education - other,4440,20965812,223,467199,22627,4569,21433011,2006
NY,libraries,0,0,0,0,0,0,0,2006
NY,liquor stores,0,0,0,0,0,0,0,2006
NY,other and unallocable,12881,64406577,327,833581,31049,13063,65240158,2006
NC,total,124324,449275528,39442,46120947,2592281,139117,495396475,2006
NC,financial administration,4083,12952269,31,74406,2353,4096,13026675,2006
NC,other government administration,713,3154273,411,727161,44311,964,3881434,2006
NC,judicial and legal,5884,23453250,178,166223,6410,5920,23619473,2006
NC,police protection - officers,2261,9577192,0,0,0,2261,9577192,2006
NC,police protection - other,1161,3450051,12,27162,1140,1167,3477213,2006
NC,corrections,20454,56988249,660,1544024,73035,20869,58532273,2006
NC,highways,10992,33452661,27,42177,2677,11007,33494838,2006
NC,air transportation,0,0,0,0,0,0,0,2006
NC,water transport and terminals,298,1170156,2,1470,112,299,1171626,2006
NC,public welfare,2045,7207591,6,5339,256,2047,7212930,2006
NC,health,4840,17460641,173,304616,16651,4934,17765257,2006
NC,hospitals,15750,50331929,2360,7019391,303818,17477,57351320,2006
NC,social insurance administration,2307,7944945,218,357140,23842,2442,8302085,2006
NC,solid waste management,274,1025934,0,0,0,274,1025934,2006
NC,sewerage,0,0,0,0,0,0,0,2006
NC,parks and recreation,1083,2723531,174,130361,13150,1158,2853892,2006
NC,housing and community development,0,0,0,0,0,0,0,2006
NC,natural resources,3958,12357781,681,687777,40287,4188,13045558,2006
NC,water transport and terminals,0,0,0,0,0,0,0,2006
NC,electric power,0,0,0,0,0,0,0,2006
NC,gas supply,0,0,0,0,0,0,0,2006
NC,transit,0,0,0,0,0,0,0,2006
NC,education - elementary and secondary instructional,0,0,0,0,0,0,0,2006
NC,education - elementary and secondary other,0,0,0,0,0,0,0,2006
NC,education - higher education instructional,12597,80077927,11880,17411142,670390,16420,97489069,2006
NC,education - higher education other,28258,98985172,22384,17137773,1375176,36122,116122945,2006
NC,education - other,2792,9946733,169,370422,11950,2860,10317155,2006
NC,libraries,0,0,0,0,0,0,0,2006
NC,liquor stores,0,0,0,0,0,0,0,2006
NC,other and unallocable,4574,17015243,76,114363,6723,4612,17129606,2006
ND,total,14618,49237128,10118,8317753,617192,18127,57554881,2006
ND,financial administration,613,1935942,30,46435,2533,628,1982377,2006
ND,other government administration,206,631220,148,85538,3127,224,716758,2006
ND,judicial and legal,505,1911832,51,44182,2918,522,1956014,2006
ND,police protection - officers,133,473903,0,0,0,133,473903,2006
ND,police protection - other,48,123074,6,9477,480,51,132551,2006
ND,corrections,655,1768373,95,138946,7484,697,1907319,2006
ND,highways,1110,3433778,4,5258,451,1113,3439036,2006
ND,air transportation,0,0,0,0,0,0,0,2006
ND,water transport and terminals,0,0,0,0,0,0,0,2006
ND,public welfare,412,1198163,78,112749,9237,464,1310912,2006
ND,health,1248,3781642,145,177780,11435,1313,3959422,2006
ND,hospitals,812,1830222,296,187822,30246,984,2018044,2006
ND,social insurance administration,340,999788,31,41310,3250,359,1041098,2006
ND,solid waste management,0,0,0,0,0,0,0,2006
ND,sewerage,0,0,0,0,0,0,0,2006
ND,parks and recreation,138,313296,17,23116,1616,148,336412,2006
ND,housing and community development,0,0,0,0,0,0,0,2006
ND,natural resources,1064,3888089,625,595877,103451,1652,4483966,2006
ND,water transport and terminals,0,0,0,0,0,0,0,2006
ND,electric power,0,0,0,0,0,0,0,2006
ND,gas supply,0,0,0,0,0,0,0,2006
ND,transit,0,0,0,0,0,0,0,2006
ND,education - elementary and secondary instructional,0,0,0,0,0,0,0,2006
ND,education - elementary and secondary other,0,0,0,0,0,0,0,2006
ND,education - higher education instructional,1934,9534025,2392,3960102,219305,3181,13494127,2006
ND,education - higher education other,3720,11198974,5962,2687527,207260,4898,13886501,2006
ND,education - other,270,835599,40,43023,2290,284,878622,2006
ND,libraries,0,0,0,0,0,0,0,2006
ND,liquor stores,0,0,0,0,0,0,0,2006
ND,other and unallocable,1410,5379208,198,158611,12109,1476,5537819,2006
OH,total,111809,453119906,67288,67397549,4401967,136840,520517455,2006
OH,financial administration,7846,36117007,405,821065,48934,8127,36938072,2006
OH,other government administration,743,3087494,120,98530,8126,789,3186024,2006
OH,judicial and legal,2449,11611169,503,1339342,65242,2820,12950511,2006
OH,police protection - officers,1473,7771465,0,0,0,1473,7771465,2006
OH,police protection - other,1206,4564194,9,20497,1322,1214,4584691,2006
OH,corrections,16173,63140059,61,143109,7428,16215,63283168,2006
OH,highways,6915,28544172,470,790626,51745,7209,29334798,2006
OH,air transportation,0,0,0,0,0,0,0,2006
OH,water transport and terminals,0,0,0,0,0,0,0,2006
OH,public welfare,2809,13794925,262,391738,30047,2979,14186663,2006
OH,health,3489,16936275,261,474588,20798,3607,17410863,2006
OH,hospitals,8900,26363943,3062,7027158,358457,10937,33391101,2006
OH,social insurance administration,2251,8690867,380,465242,29455,2418,9156109,2006
OH,solid waste management,0,0,0,0,0,0,0,2006
OH,sewerage,0,0,0,0,0,0,0,2006
OH,parks and recreation,473,1796265,265,417432,31164,650,2213697,2006
OH,housing and community development,0,0,0,0,0,0,0,2006
OH,natural resources,3026,11091148,838,1350559,84582,3507,12441707,2006
OH,water transport and terminals,0,0,0,0,0,0,0,2006
OH,electric power,0,0,0,0,0,0,0,2006
OH,gas supply,0,0,0,0,0,0,0,2006
OH,transit,0,0,0,0,0,0,0,2006
OH,education - elementary and secondary instructional,0,0,0,0,0,0,0,2006
OH,education - elementary and secondary other,0,0,0,0,0,0,0,2006
OH,education - higher education instructional,15186,92490753,20885,26945801,1146618,21712,119436554,2006
OH,education - higher education other,31950,95062004,39038,25932312,2458304,45923,120994316,2006
OH,education - other,2454,11138328,295,531556,25449,2599,11669884,2006
OH,libraries,0,0,0,0,0,0,0,2006
OH,liquor stores,0,0,0,0,0,0,0,2006
OH,other and unallocable,4466,20919838,434,647994,34296,4661,21567832,2006
OK,total,59322,199004755,24352,18833428,1424980,67424,217838183,2006
OK,financial administration,1659,5664712,81,94463,5564,1691,5759175,2006
OK,other government administration,770,2719124,160,218764,15118,855,2937888,2006
OK,judicial and legal,2627,10228322,148,191928,11637,2692,10420250,2006
OK,police protection - officers,1009,4485616,0,0,0,1009,4485616,2006
OK,police protection - other,843,2596845,59,52700,5035,872,2649545,2006
OK,corrections,5566,16220366,223,253136,16841,5661,16473502,2006
OK,highways,2863,8808677,64,59817,4024,2885,8868494,2006
OK,air transportation,10,43131,0,0,0,10,43131,2006
OK,water transport and terminals,0,0,0,0,0,0,0,2006
OK,public welfare,6054,15983544,256,240918,23619,6188,16224462,2006
OK,health,5897,19035629,307,561400,28059,6052,19597029,2006
OK,hospitals,2576,7423506,79,98781,6628,2614,7522287,2006
OK,social insurance administration,1426,4665712,62,59062,3724,1446,4724774,2006
OK,solid waste management,73,245614,11,4680,496,76,250294,2006
OK,sewerage,0,0,0,0,0,0,0,2006
OK,parks and recreation,677,1730182,41,32672,2834,693,1762854,2006
OK,housing and community development,0,0,0,0,0,0,0,2006
OK,natural resources,1663,5394553,803,569258,42266,1903,5963811,2006
OK,water transport and terminals,0,0,0,0,0,0,0,2006
OK,electric power,524,2658108,4,7544,278,526,2665652,2006
OK,gas supply,0,0,0,0,0,0,0,2006
OK,transit,0,0,0,0,0,0,0,2006
OK,education - elementary and secondary instructional,0,0,0,0,0,0,0,2006
OK,education - elementary and secondary other,0,0,0,0,0,0,0,2006
OK,education - higher education instructional,6015,32978721,6758,8201037,465699,8664,41179758,2006
OK,education - higher education other,14605,43486064,15105,7928765,777862,19034,51414829,2006
OK,education - other,1919,6292071,83,117709,7036,1960,6409780,2006
OK,libraries,0,0,0,0,0,0,0,2006
OK,liquor stores,0,0,0,0,0,0,0,2006
OK,other and unallocable,2546,8344258,108,140794,8260,2593,8485052,2006
OR,total,50431,193238707,24195,25949154,1241640,57485,219187861,2006
OR,financial administration,3949,13617647,335,475800,36024,4155,14093447,2006
OR,other government administration,874,3267109,210,349593,17367,974,3616702,2006
OR,judicial and legal,2875,10820927,287,676266,33277,3064,11497193,2006
OR,police protection - officers,649,2991187,0,0,0,649,2991187,2006
OR,police protection - other,562,1956046,138,91203,4144,586,2047249,2006
OR,corrections,4939,18128391,126,313646,16120,5031,18442037,2006
OR,highways,3364,12757871,34,125958,5458,3395,12883829,2006
OR,air transportation,15,48048,0,0,0,15,48048,2006
OR,water transport and terminals,0,0,0,0,0,0,0,2006
OR,public welfare,5435,18837516,268,421387,10832,5496,19258903,2006
OR,health,2478,8935355,319,485477,25586,2623,9420832,2006
OR,hospitals,4021,14171682,2759,4805834,122977,4719,18977516,2006
OR,social insurance administration,2088,9336779,132,301717,14033,2168,9638496,2006
OR,solid waste management,0,0,0,0,0,0,0,2006
OR,sewerage,0,0,0,0,0,0,0,2006
OR,parks and recreation,472,1501184,11,13368,898,477,1514552,2006
OR,housing and community development,0,0,0,0,0,0,0,2006
OR,natural resources,2524,8765160,417,614663,39866,2749,9379823,2006
OR,water transport and terminals,0,0,0,0,0,0,0,2006
OR,electric power,0,0,0,0,0,0,0,2006
OR,gas supply,0,0,0,0,0,0,0,2006
OR,transit,0,0,0,0,0,0,0,2006
OR,education - elementary and secondary instructional,0,0,0,0,0,0,0,2006
OR,education - elementary and secondary other,0,0,0,0,0,0,0,2006
OR,education - higher education instructional,7138,34624232,7498,10160626,417966,9512,44784858,2006
OR,education - higher education other,6345,23616762,11386,6831125,481251,9080,30447887,2006
OR,education - other,879,3323886,96,99855,5966,913,3423741,2006
OR,libraries,0,0,0,0,0,0,0,2006
OR,liquor stores,205,687344,11,29510,1828,215,716854,2006
OR,other and unallocable,1619,5851581,168,153126,8047,1664,6004707,2006
PA,total,142684,557187211,49492,65284276,3135592,161136,622471487,2006
PA,financial administration,7246,27217379,440,725026,57851,7595,27942405,2006
PA,other government administration,3285,10541899,890,2910138,115364,3978,13452037,2006
PA,judicial and legal,3008,15121771,10,21363,1337,3016,15143134,2006
PA,police protection - officers,4897,23924039,0,0,0,4897,23924039,2006
PA,police protection - other,1290,6307786,62,132457,5721,1324,6440243,2006
PA,corrections,17341,61775039,453,967788,29210,17517,62742827,2006
PA,highways,13152,43262249,477,1070934,56780,13494,44333183,2006
PA,air transportation,45,175326,0,0,0,45,175326,2006
PA,water transport and terminals,171,696925,0,0,0,171,696925,2006
PA,public welfare,12260,42150193,295,837724,29194,12436,42987917,2006
PA,health,1808,7399969,36,78506,2431,1823,7478475,2006
PA,hospitals,11828,36241189,893,1533304,55285,12156,37774493,2006
PA,social insurance administration,3910,14293522,655,1503085,86229,4429,15796607,2006
PA,solid waste management,0,0,0,0,0,0,0,2006
PA,sewerage,0,0,0,0,0,0,0,2006
PA,parks and recreation,854,2962334,732,1667589,95217,1427,4629923,2006
PA,housing and community development,0,0,0,0,0,0,0,2006
PA,natural resources,5537,22555451,1467,3274770,128292,6295,25830221,2006
PA,water transport and terminals,0,0,0,0,0,0,0,2006
PA,electric power,0,0,0,0,0,0,0,2006
PA,gas supply,0,0,0,0,0,0,0,2006
PA,transit,0,0,0,0,0,0,0,2006
PA,education - elementary and secondary instructional,0,0,0,0,0,0,0,2006
PA,education - elementary and secondary other,0,0,0,0,0,0,0,2006
PA,education - higher education instructional,13962,94678326,10619,27133382,637938,17651,121811708,2006
PA,education - higher education other,28720,97742009,31793,22252687,1777397,39172,119994696,2006
PA,education - other,4117,16432734,371,601847,20379,4234,17034581,2006
PA,libraries,0,0,0,0,0,0,0,2006
PA,liquor stores,2994,8970650,0,0,0,2994,8970650,2006
PA,other and unallocable,6259,24738421,299,573676,36967,6482,25312097,2006
RI,total,18553,87189838,6263,6062017,337962,20594,93251855,2006
RI,financial administration,1283,5760410,14,30432,900,1288,5790842,2006
RI,other government administration,477,1757086,209,206614,5576,513,1963700,2006
RI,judicial and legal,1207,5948817,21,45070,1475,1217,5993887,2006
RI,police protection - officers,220,1377062,0,0,0,220,1377062,2006
RI,police protection - other,92,407165,4,7230,108,93,414395,2006
RI,corrections,1697,9658176,5,9436,228,1698,9667612,2006
RI,highways,812,3621535,16,21901,786,817,3643436,2006
RI,air transportation,184,926172,2,5721,248,185,931893,2006
RI,water transport and terminals,0,0,0,0,0,0,0,2006
RI,public welfare,1607,7878734,48,96584,4524,1636,7975318,2006
RI,health,1239,5808569,54,42285,1166,1246,5850854,2006
RI,hospitals,1060,4768212,10,25811,894,1065,4794023,2006
RI,social insurance administration,473,2290472,8,20028,708,478,2310500,2006
RI,solid waste management,123,662521,1,1360,133,124,663881,2006
RI,sewerage,238,970465,0,0,0,238,970465,2006
RI,parks and recreation,66,227878,2,2905,248,68,230783,2006
RI,housing and community development,0,0,0,0,0,0,0,2006
RI,natural resources,484,2277890,28,36534,2531,498,2314424,2006
RI,water transport and terminals,0,0,0,0,0,0,0,2006
RI,electric power,0,0,0,0,0,0,0,2006
RI,gas supply,0,0,0,0,0,0,0,2006
RI,transit,719,3018824,34,105007,5913,753,3123831,2006
RI,education - elementary and secondary instructional,427,2066713,73,96847,6602,470,2163560,2006
RI,education - elementary and secondary other,87,261437,81,90018,8717,143,351455,2006
RI,education - higher education instructional,1713,8728168,2504,3553008,155214,2670,12281176,2006
RI,education - higher education other,2102,7994948,3032,1432400,130388,2857,9427348,2006
RI,education - other,512,2518938,68,183589,8779,569,2702527,2006
RI,libraries,0,0,0,0,0,0,0,2006
RI,liquor stores,0,0,0,0,0,0,0,2006
RI,other and unallocable,1731,8259646,49,49237,2824,1748,8308883,2006
SC,total,68192,225877252,22165,19898890,1384552,76468,245776142,2006
SC,financial administration,3099,10019823,40,68306,2364,3113,10088129,2006
SC,other government administration,563,2106834,489,491289,33363,764,2598123,2006
SC,judicial and legal,719,3191090,9,18104,666,723,3209194,2006
SC,police protection - officers,1322,4839664,0,0,0,1322,4839664,2006
SC,police protection - other,653,1962476,7,17730,380,655,1980206,2006
SC,corrections,7577,19921114,3,7476,180,7578,19928590,2006
SC,highways,4713,13372914,5,10378,280,4715,13383292,2006
SC,air transportation,0,0,0,0,0,0,0,2006
SC,water transport and terminals,594,2971996,0,0,0,594,2971996,2006
SC,public welfare,4092,10858958,10,17910,506,4094,10876868,2006
SC,health,6362,19393844,158,373569,8784,6414,19767413,2006
SC,hospitals,7524,16766033,221,494022,27319,7681,17260055,2006
SC,social insurance administration,1147,3499912,0,0,0,1147,3499912,2006
SC,solid waste management,0,0,0,0,0,0,0,2006
SC,sewerage,0,0,0,0,0,0,0,2006
SC,parks and recreation,558,1493645,9,9302,711,562,1502947,2006
SC,housing and community development,0,0,0,0,0,0,0,2006
SC,natural resources,1903,5821844,250,282678,23670,2046,6104522,2006
SC,water transport and terminals,10,47771,1,2500,108,11,50271,2006
SC,electric power,1745,9181713,18,60568,1395,1753,9242281,2006
SC,gas supply,0,0,0,0,0,0,0,2006
SC,transit,0,0,0,0,0,0,0,2006
SC,education - elementary and secondary instructional,0,0,0,0,0,0,0,2006
SC,education - elementary and secondary other,0,0,0,0,0,0,0,2006
SC,education - higher education instructional,8677,48459654,9756,11083599,608010,12324,59543253,2006
SC,education - higher education other,13035,38585827,11174,6933691,676082,17070,45519518,2006
SC,education - other,2659,8846812,3,4138,116,2660,8850950,2006
SC,libraries,0,0,0,0,0,0,0,2006
SC,liquor stores,0,0,0,0,0,0,0,2006
SC,other and unallocable,1240,4535328,12,23630,618,1242,4558958,2006
SD,total,12205,40794185,4638,3385820,299173,13905,44180005,2006
SD,financial administration,421,1433312,12,17292,1428,429,1450604,2006
SD,other government administration,331,1054510,55,33814,2566,346,1088324,2006
SD,judicial and legal,543,1982800,91,83230,6328,579,2066030,2006
SD,police protection - officers,199,768072,2,3220,160,200,771292,2006
SD,police protection - other,103,276700,4,6492,478,106,283192,2006
SD,corrections,849,2288458,36,49386,3888,871,2337844,2006
SD,highways,978,3297854,106,107570,9408,1031,3405424,2006
SD,air transportation,0,0,0,0,0,0,0,2006
SD,water transport and terminals,0,0,0,0,0,0,0,2006
SD,public welfare,1041,2791556,39,52578,4366,1066,2844134,2006
SD,health,574,1839487,139,295882,15460,661,2135369,2006
SD,hospitals,896,2358392,146,214062,14398,978,2572454,2006
SD,social insurance administration,273,692854,6,8406,634,277,701260,2006
SD,solid waste management,0,0,0,0,0,0,0,2006
SD,sewerage,0,0,0,0,0,0,0,2006
SD,parks and recreation,119,335770,33,32054,3434,139,367824,2006
SD,housing and community development,0,0,0,0,0,0,0,2006
SD,natural resources,774,2439247,311,179820,19525,884,2619067,2006
SD,water transport and terminals,0,0,0,0,0,0,0,2006
SD,electric power,0,0,0,0,0,0,0,2006
SD,gas supply,0,0,0,0,0,0,0,2006
SD,transit,0,0,0,0,0,0,0,2006
SD,education - elementary and secondary instructional,0,0,0,0,0,0,0,2006
SD,education - elementary and secondary other,0,0,0,0,0,0,0,2006
SD,education - higher education instructional,1427,8364331,1074,1327037,89578,1936,9691368,2006
SD,education - higher education other,2488,7058377,2494,897024,120262,3171,7955401,2006
SD,education - other,398,1200185,40,33395,3174,416,1233580,2006
SD,libraries,0,0,0,0,0,0,0,2006
SD,liquor stores,0,0,0,0,0,0,0,2006
SD,other and unallocable,791,2612280,50,44558,4086,815,2656838,2006
TN,total,74222,247659710,25225,21787531,1503829,83117,269447241,2006
TN,financial administration,3263,11896704,49,58672,4230,3288,11955376,2006
TN,other government administration,860,3136655,30,35631,1980,872,3172286,2006
TN,judicial and legal,2313,10340546,9,9911,746,2317,10350457,2006
TN,police protection - officers,1086,4109994,0,0,0,1086,4109994,2006
TN,police protection - other,868,2491658,12,8992,1125,874,2500650,2006
TN,corrections,7324,20998708,30,55207,2615,7340,21053915,2006
TN,highways,4441,12178328,4,200,8,4441,12178528,2006
TN,air transportation,0,0,0,0,0,0,0,2006
TN,water transport and terminals,0,0,0,0,0,0,0,2006
TN,public welfare,6451,16675884,27,14377,1236,6459,16690261,2006
TN,health,3751,12335835,152,126532,6059,3787,12462367,2006
TN,hospitals,7556,22098837,206,580949,29370,7725,22679786,2006
TN,social insurance administration,1514,4397430,161,211230,15996,1610,4608660,2006
TN,solid waste management,0,0,0,0,0,0,0,2006
TN,sewerage,0,0,0,0,0,0,0,2006
TN,parks and recreation,1098,2242026,198,137494,18654,1210,2379520,2006
TN,housing and community development,0,0,0,0,0,0,0,2006
TN,natural resources,3185,10468722,620,682017,63354,3556,11150739,2006
TN,water transport and terminals,0,0,0,0,0,0,0,2006
TN,electric power,0,0,0,0,0,0,0,2006
TN,gas supply,0,0,0,0,0,0,0,2006
TN,transit,0,0,0,0,0,0,0,2006
TN,education - elementary and secondary instructional,0,0,0,0,0,0,0,2006
TN,education - elementary and secondary other,0,0,0,0,0,0,0,2006
TN,education - higher education instructional,8056,45126362,8969,9795824,525073,11183,54922186,2006
TN,education - higher education other,17676,53897188,14065,9635314,810250,22448,63532502,2006
TN,education - other,1990,6479756,633,403839,21353,2120,6883595,2006
TN,libraries,0,0,0,0,0,0,0,2006
TN,liquor stores,0,0,0,0,0,0,0,2006
TN,other and unallocable,2790,8785077,60,31342,1780,2801,8816419,2006
TX,total,251294,914853966,76886,93298483,5353944,281722,1008152449,2006
TX,financial administration,9677,35299174,170,201822,11410,9742,35500996,2006
TX,other government administration,2094,7871774,519,565130,33983,2289,8436904,2006
TX,judicial and legal,5478,24333752,117,527973,16318,5571,24861725,2006
TX,police protection - officers,2272,9586698,0,0,0,2272,9586698,2006
TX,police protection - other,1810,5302347,44,41555,3520,1830,5343902,2006
TX,corrections,47179,119226277,660,758170,56447,47499,119984447,2006
TX,highways,15666,54074546,582,753779,29182,15831,54828325,2006
TX,air transportation,0,0,0,0,0,0,0,2006
TX,water transport and terminals,0,0,0,0,0,0,0,2006
TX,public welfare,22003,60423342,334,577382,33205,22192,61000724,2006
TX,health,12378,42404991,666,1463153,53057,12683,43868144,2006
TX,hospitals,29273,101036790,1993,4542808,229482,30577,105579598,2006
TX,social insurance administration,4742,15273107,58,90859,5770,4775,15363966,2006
TX,solid waste management,0,0,0,0,0,0,0,2006
TX,sewerage,0,0,0,0,0,0,0,2006
TX,parks and recreation,971,2578092,165,156547,17054,1068,2734639,2006
TX,housing and community development,0,0,0,0,0,0,0,2006
TX,natural resources,10051,40204036,3074,4961453,256677,11510,45165489,2006
TX,water transport and terminals,0,0,0,0,0,0,0,2006
TX,electric power,0,0,0,0,0,0,0,2006
TX,gas supply,0,0,0,0,0,0,0,2006
TX,transit,0,0,0,0,0,0,0,2006
TX,education - elementary and secondary instructional,13,46223,0,0,0,13,46223,2006
TX,education - elementary and secondary other,0,0,0,0,0,0,0,2006
TX,education - higher education instructional,21462,165621444,24848,38559249,1612461,30625,204180693,2006
TX,education - higher education other,55037,190696955,42978,38825384,2920553,71631,229522339,2006
TX,education - other,4534,16475005,392,818472,44891,4789,17293477,2006
TX,libraries,0,0,0,0,0,0,0,2006
TX,liquor stores,0,0,0,0,0,0,0,2006
TX,other and unallocable,6654,24399413,286,454747,29934,6825,24854160,2006
UT,total,42903,155792089,19802,15743900,1296968,50277,171535989,2006
UT,financial administration,1655,5816591,240,172539,19354,1765,5989130,2006
UT,other government administration,184,920514,26,31950,1257,192,952464,2006
UT,judicial and legal,1481,5542260,204,369822,13948,1561,5912082,2006
UT,police protection - officers,444,1613012,1,213,9,444,1613225,2006
UT,police protection - other,447,1520075,79,64509,5256,477,1584584,2006
UT,corrections,3169,9724509,240,175993,16198,3261,9900502,2006
UT,highways,1675,6351388,31,39934,3286,1694,6391322,2006
UT,air transportation,0,0,0,0,0,0,0,2006
UT,water transport and terminals,0,0,0,0,0,0,0,2006
UT,public welfare,3112,9818112,307,384222,24430,3250,10202334,2006
UT,health,1929,6592830,272,423733,25153,2071,7016563,2006
UT,hospitals,5499,16673721,364,347888,27092,5652,17021609,2006
UT,social insurance administration,776,2548121,60,131093,8630,825,2679214,2006
UT,solid waste management,0,0,0,0,0,0,0,2006
UT,sewerage,0,0,0,0,0,0,0,2006
UT,parks and recreation,260,860345,83,59008,5869,293,919353,2006
UT,housing and community development,0,0,0,0,0,0,0,2006
UT,natural resources,1129,3982774,238,226043,19521,1240,4208817,2006
UT,water transport and terminals,0,0,0,0,0,0,0,2006
UT,electric power,0,0,0,0,0,0,0,2006
UT,gas supply,0,0,0,0,0,0,0,2006
UT,transit,0,0,0,0,0,0,0,2006
UT,education - elementary and secondary instructional,0,0,0,0,0,0,0,2006
UT,education - elementary and secondary other,0,0,0,0,0,0,0,2006
UT,education - higher education instructional,4709,32476847,3651,3409203,173919,5699,35886050,2006
UT,education - higher education other,13609,41451402,13065,9019723,883324,18631,50471125,2006
UT,education - other,942,3265306,479,527385,39075,1165,3792691,2006
UT,libraries,0,0,0,0,0,0,0,2006
UT,liquor stores,231,572930,272,143233,16187,323,716163,2006
UT,other and unallocable,1652,6061352,190,217409,14460,1734,6278761,2006
VT,total,13559,54960967,2636,3313834,179076,14615,58274801,2006
VT,financial administration,599,2339780,8,19384,1004,605,2359164,2006
VT,other government administration,674,2174441,40,66420,3637,696,2240861,2006
VT,judicial and legal,594,2514251,60,131651,6498,630,2645902,2006
VT,police protection - officers,323,1902382,13,7747,476,326,1910129,2006
VT,police protection - other,252,1129603,74,72030,6206,287,1201633,2006
VT,corrections,1207,4572204,10,25071,1641,1216,4597275,2006
VT,highways,1030,4074066,13,44118,1886,1041,4118184,2006
VT,air transportation,0,0,0,0,0,0,0,2006
VT,water transport and terminals,0,0,0,0,0,0,0,2006
VT,public welfare,1222,4811458,68,177798,9022,1274,4989256,2006
VT,health,530,2305308,295,461303,29448,697,2766611,2006
VT,hospitals,201,708929,7,23497,837,206,732426,2006
VT,social insurance administration,288,1104257,4,12936,463,291,1117193,2006
VT,solid waste management,0,0,0,0,0,0,0,2006
VT,sewerage,0,0,0,0,0,0,0,2006
VT,parks and recreation,113,457058,7,18688,879,118,475746,2006
VT,housing and community development,0,0,0,0,0,0,0,2006
VT,natural resources,585,2487001,59,240178,8509,635,2727179,2006
VT,water transport and terminals,0,0,0,0,0,0,0,2006
VT,electric power,0,0,0,0,0,0,0,2006
VT,gas supply,0,0,0,0,0,0,0,2006
VT,transit,0,0,0,0,0,0,0,2006
VT,education - elementary and secondary instructional,0,0,0,0,0,0,0,2006
VT,education - elementary and secondary other,0,0,0,0,0,0,0,2006
VT,education - higher education instructional,1296,8010650,467,878324,30534,1480,8888974,2006
VT,education - higher education other,2867,9175061,1358,868491,63269,3248,10043552,2006
VT,education - other,571,2332609,36,66672,3443,591,2399281,2006
VT,libraries,0,0,0,0,0,0,0,2006
VT,liquor stores,56,226045,0,0,0,56,226045,2006
VT,other and unallocable,1151,4635864,117,199526,11324,1218,4835390,2006
VA,total,104694,401593257,48202,51434882,3156412,122634,453028139,2006
VA,financial administration,3920,14814494,635,846228,67452,4303,15660722,2006
VA,other government administration,502,2251168,421,869486,47877,783,3120654,2006
VA,judicial and legal,3620,15261976,345,449094,18044,3723,15711070,2006
VA,police protection - officers,2135,9919128,41,65836,3734,2156,9984964,2006
VA,police protection - other,769,2460528,214,225496,16510,863,2686024,2006
VA,corrections,14017,40057454,458,687954,48372,14292,40745408,2006
VA,highways,9206,33694984,837,658455,44087,9456,34353439,2006
VA,air transportation,0,0,0,0,0,0,0,2006
VA,water transport and terminals,142,619186,6,8492,744,146,627678,2006
VA,public welfare,2286,8310472,217,415160,22930,2417,8725632,2006
VA,health,5000,18499405,642,837137,61719,5351,19336542,2006
VA,hospitals,12295,38734851,1261,2269706,111742,12931,41004557,2006
VA,social insurance administration,1218,4189246,313,511504,39126,1440,4700750,2006
VA,solid waste management,0,0,0,0,0,0,0,2006
VA,sewerage,0,0,0,0,0,0,0,2006
VA,parks and recreation,668,2056174,621,487770,46414,932,2543944,2006
VA,housing and community development,0,0,0,0,0,0,0,2006
VA,natural resources,2982,10467138,463,502432,35656,3185,10969570,2006
VA,water transport and terminals,0,0,0,0,0,0,0,2006
VA,electric power,0,0,0,0,0,0,0,2006
VA,gas supply,0,0,0,0,0,0,0,2006
VA,transit,0,0,0,0,0,0,0,2006
VA,education - elementary and secondary instructional,0,0,0,0,0,0,0,2006
VA,education - elementary and secondary other,0,0,0,0,0,0,0,2006
VA,education - higher education instructional,13409,86090129,14349,23247374,883223,18426,109337503,2006
VA,education - higher education other,24704,81759077,24879,16538637,1487562,33156,98297714,2006
VA,education - other,2637,10765520,634,689656,44878,2890,11455176,2006
VA,libraries,0,0,0,0,0,0,0,2006
VA,liquor stores,780,2407332,1214,1201622,118386,1453,3608954,2006
VA,other and unallocable,4404,19234995,652,922843,57956,4731,20157838,2006
WA,total,97888,411726558,53400,56833532,3352248,116943,468560090,2006
WA,financial administration,2654,11016622,186,403811,16387,2748,11420433,2006
WA,other government administration,1224,5086588,377,688345,39347,1447,5774933,2006
WA,judicial and legal,1837,9827592,172,415337,15739,1927,10242929,2006
WA,police protection - officers,983,5635654,0,0,0,983,5635654,2006
WA,police protection - other,1227,5165386,1,3055,89,1228,5168441,2006
WA,corrections,8676,31575800,555,921210,50389,8963,32497010,2006
WA,highways,7008,32144358,372,738070,37092,7219,32882428,2006
WA,air transportation,0,0,0,0,0,0,0,2006
WA,water transport and terminals,0,0,0,0,0,0,0,2006
WA,public welfare,9048,31758546,1200,1397934,66042,9424,33156480,2006
WA,health,4717,17652301,987,1929497,89039,5224,19581798,2006
WA,hospitals,8425,36127968,3134,9550820,232270,9744,45678788,2006
WA,social insurance administration,2263,8920816,279,567606,28946,2428,9488422,2006
WA,solid waste management,141,647538,25,83924,3216,159,731462,2006
WA,sewerage,0,0,0,0,0,0,0,2006
WA,parks and recreation,540,2117580,152,208506,12802,613,2326086,2006
WA,housing and community development,0,0,0,0,0,0,0,2006
WA,natural resources,4601,18949126,639,1114696,74771,5026,20063822,2006
WA,water transport and terminals,0,0,0,0,0,0,0,2006
WA,electric power,0,0,0,0,0,0,0,2006
WA,gas supply,0,0,0,0,0,0,0,2006
WA,transit,0,0,0,0,0,0,0,2006
WA,education - elementary and secondary instructional,0,0,0,0,0,0,0,2006
WA,education - elementary and secondary other,0,0,0,0,0,0,0,2006
WA,education - higher education instructional,11599,63682178,13166,21206606,750399,15863,84888784,2006
WA,education - higher education other,25618,102495743,30322,15106790,1794535,35811,117602533,2006
WA,education - other,1771,7186002,912,938154,45743,2040,8124156,2006
WA,libraries,0,0,0,0,0,0,0,2006
WA,liquor stores,490,1624482,506,832330,60976,836,2456812,2006
WA,other and unallocable,5066,20112278,415,726841,34466,5260,20839119,2006
WV,total,34190,105701678,9206,7683771,470930,37004,113385449,2006
WV,financial administration,1703,4663002,42,41200,2618,1718,4704202,2006
WV,other government administration,217,720210,266,798746,25806,376,1518956,2006
WV,judicial and legal,1354,5011494,22,41398,2588,1370,5052892,2006
WV,police protection - officers,648,2508814,0,0,0,648,2508814,2006
WV,police protection - other,348,761838,18,27734,2130,360,789572,2006
WV,corrections,3199,7233627,15,16044,1474,3207,7249671,2006
WV,highways,4997,13797304,26,40946,2267,5010,13838250,2006
WV,air transportation,3,11560,0,0,0,3,11560,2006
WV,water transport and terminals,2,7018,0,0,0,2,7018,2006
WV,public welfare,3345,8040912,13,13926,1384,3353,8054838,2006
WV,health,819,2380920,28,42000,1792,829,2422920,2006
WV,hospitals,1647,3610726,134,146936,14194,1727,3757662,2006
WV,social insurance administration,610,1774088,17,14718,1434,619,1788806,2006
WV,solid waste management,10,35529,0,0,0,10,35529,2006
WV,sewerage,0,0,0,0,0,0,0,2006
WV,parks and recreation,403,815664,329,194176,31036,579,1009840,2006
WV,housing and community development,0,0,0,0,0,0,0,2006
WV,natural resources,2202,7051657,218,220616,17260,2304,7272273,2006
WV,water transport and terminals,0,0,0,0,0,0,0,2006
WV,electric power,0,0,0,0,0,0,0,2006
WV,gas supply,0,0,0,0,0,0,0,2006
WV,transit,7,24186,0,0,0,7,24186,2006
WV,education - elementary and secondary instructional,0,0,0,0,0,0,0,2006
WV,education - elementary and secondary other,0,0,0,0,0,0,0,2006
WV,education - higher education instructional,3294,17461650,3592,4026898,146309,4174,21488548,2006
WV,education - higher education other,5828,18363933,4148,1846409,204347,7058,20210342,2006
WV,education - other,1359,4584142,217,108593,8233,1407,4692735,2006
WV,libraries,0,0,0,0,0,0,0,2006
WV,liquor stores,51,137600,2,1850,168,52,139450,2006
WV,other and unallocable,2144,6705804,119,101581,7890,2191,6807385,2006
WI,total,54540,243506274,42861,40174867,2393368,68143,283681141,2006
WI,financial administration,2332,9651068,471,870486,50297,2618,10521554,2006
WI,other government administration,855,3669152,353,733170,30830,1031,4402322,2006
WI,judicial and legal,1740,10390024,335,888079,33530,1930,11278103,2006
WI,police protection - officers,578,2566726,7,9268,392,580,2575994,2006
WI,police protection - other,302,1194442,29,35209,2591,317,1229651,2006
WI,corrections,9011,34442744,964,2262066,98229,9569,36704810,2006
WI,highways,1618,7222560,166,269811,15753,1708,7492371,2006
WI,air transportation,0,0,0,0,0,0,0,2006
WI,water transport and terminals,0,0,0,0,0,0,0,2006
WI,public welfare,1229,4565826,355,607774,35097,1429,5173600,2006
WI,health,1593,6867884,442,944242,41513,1828,7812126,2006
WI,hospitals,2882,10751592,1162,2152285,102665,3467,12903877,2006
WI,social insurance administration,800,3223250,17,28640,1877,811,3251890,2006
WI,solid waste management,0,0,0,0,0,0,0,2006
WI,sewerage,0,0,0,0,0,0,0,2006
WI,parks and recreation,188,653768,53,71216,4129,211,724984,2006
WI,housing and community development,0,0,0,0,0,0,0,2006
WI,natural resources,1851,7050545,1168,1476592,94248,2386,8527137,2006
WI,water transport and terminals,0,0,0,0,0,0,0,2006
WI,electric power,0,0,0,0,0,0,0,2006
WI,gas supply,0,0,0,0,0,0,0,2006
WI,transit,0,0,0,0,0,0,0,2006
WI,education - elementary and secondary instructional,0,0,0,0,0,0,0,2006
WI,education - elementary and secondary other,0,0,0,0,0,0,0,2006
WI,education - higher education instructional,7942,49192509,10271,14399192,619093,11460,63591701,2006
WI,education - higher education other,15534,65417505,25165,12036952,1103895,21806,77454457,2006
WI,education - other,898,3982652,367,628130,24766,1040,4610782,2006
WI,libraries,0,0,0,0,0,0,0,2006
WI,liquor stores,0,0,0,0,0,0,0,2006
WI,other and unallocable,5187,22664027,1536,2761755,134463,5952,25425782,2006
WY,total,11736,40857790,3230,2258412,190142,12814,43116202,2006
WY,financial administration,557,2097717,7,11311,607,560,2109028,2006
WY,other government administration,142,613790,185,155612,9251,195,769402,2006
WY,judicial and legal,525,2204119,23,32502,1993,536,2236621,2006
WY,police protection - officers,174,869427,0,0,0,174,869427,2006
WY,police protection - other,90,322479,0,0,0,90,322479,2006
WY,corrections,951,2818356,5,4982,433,953,2823338,2006
WY,highways,1764,6206113,81,156746,10405,1823,6362859,2006
WY,air transportation,0,0,0,0,0,0,0,2006
WY,water transport and terminals,0,0,0,0,0,0,0,2006
WY,public welfare,692,2229321,48,47744,4179,716,2277065,2006
WY,health,636,2234036,108,159105,9872,691,2393141,2006
WY,hospitals,744,1921719,54,70607,4680,771,1992326,2006
WY,social insurance administration,327,1037211,12,14075,1040,333,1051286,2006
WY,solid waste management,0,0,0,0,0,0,0,2006
WY,sewerage,0,0,0,0,0,0,0,2006
WY,parks and recreation,101,306139,0,0,0,101,306139,2006
WY,housing and community development,0,0,0,0,0,0,0,2006
WY,natural resources,972,3226221,35,32537,2625,986,3258758,2006
WY,water transport and terminals,0,0,0,0,0,0,0,2006
WY,electric power,0,0,0,0,0,0,0,2006
WY,gas supply,0,0,0,0,0,0,0,2006
WY,transit,0,0,0,0,0,0,0,2006
WY,education - elementary and secondary instructional,0,0,0,0,0,0,0,2006
WY,education - elementary and secondary other,0,0,0,0,0,0,0,2006
WY,education - higher education instructional,987,5029625,743,648188,41624,1224,5677813,2006
WY,education - higher education other,1851,5476703,1870,856534,98319,2410,6333237,2006
WY,education - other,234,913949,4,3731,347,236,917680,2006
WY,libraries,0,0,0,0,0,0,0,2006
WY,liquor stores,32,105232,0,0,0,32,105232,2006
WY,other and unallocable,957,3245633,55,64738,4767,983,3310371,2006
