state,government_function,full_time_employees,full_time_pay,part_time_employees,part_time_pay,part_time_hours,full_time_equivalent_employees,total_employees,march_pay,year
US,total,3837855,17520216120,1507920,1904625008,99702424,4407909,5345775,19424841128,2009
US,financial administration,162840,701827334,11691,21090529,1228241,169874,174531,722917863,2009
US,other government administration,50802,232582370,11280,23074804,979003,56439,62082,255657174,2009
US,judicial and legal,173414,875235106,9693,22443497,912014,178628,183107,897678603,2009
US,police protection - officers,67439,394564917,575,976202,29631,67613,68014,395541119,2009
US,police protection - other,37521,144562919,2298,3580615,198277,38654,39819,148143534,2009
US,corrections,479480,1948741637,10555,27924242,1032613,485375,490035,1976665879,2009
US,highways,229873,994326458,13268,28213729,1276517,237280,243141,1022540187,2009
US,air transportation,3099,16108683,58,115136,3830,3121,3157,16223819,2009
US,water transport and terminals,5056,24030155,87,99272,4066,5079,5143,24129427,2009
US,public welfare,235314,862615400,12683,26728094,1265138,242535,247997,889343494,2009
US,health,176707,744413885,14819,32474744,1377663,184539,191526,776888629,2009
US,hospitals,380994,1657002233,65619,170942912,6495833,417793,446613,1827945145,2009
US,social insurance administration,76355,313329741,7793,16982449,879955,81454,84148,330312190,2009
US,solid waste management,1938,10276923,93,235780,9825,1994,2031,10512703,2009
US,sewerage,1740,9930637,48,213369,3673,1761,1788,10144006,2009
US,parks and recreation,28424,102996759,12997,18521665,1167380,35159,41421,121518424,2009
US,housing and community development,0,0,0,0,0,0,0,0,2009
US,natural resources,129698,548323327,30472,44743052,2805834,145727,160170,593066379,2009
US,water transport and terminals,740,3794863,29,100705,2530,754,769,3895568,2009
US,electric power,4065,27246696,74,217849,7223,4106,4139,27464545,2009
US,gas supply,0,0,0,0,0,0,0,0,2009
US,transit,31424,189216419,1527,3135124,178240,32429,32951,192351543,2009
US,education - elementary and secondary instructional,34730,184240049,12569,14148961,543329,37985,47299,198389010,2009
US,education - elementary and secondary other,13314,39996540,6302,4966277,267730,14990,19616,44962817,2009
US,education - higher education instructional,401040,2808347552,410039,676797121,25711949,548236,811079,3485144673,2009
US,education - higher education other,837135,3457512160,838363,712098042,50505226,1125535,1675498,4169610202,2009
US,education - other,81603,358507438,13948,21976547,1045688,87564,95551,380483985,2009
US,libraries,466,1681014,268,204786,17368,564,734,1885800,2009
US,liquor stores,6492,21184545,5345,7341106,534806,9617,11837,28525651,2009
US,other and unallocable,186152,847620360,15427,25278399,1218842,193104,201579,872898759,2009
AL,total,80052,325585598,27310,27649375,1641867,89467,107362,353234973,2009
AL,financial administration,2762,11899126,74,83196,6735,2800,2836,11982322,2009
AL,other government administration,561,2656576,94,125854,6223,596,655,2782430,2009
AL,judicial and legal,2991,10841128,86,166750,6842,3030,3077,11007878,2009
AL,police protection - officers,858,3953632,0,0,0,858,858,3953632,2009
AL,police protection - other,835,2551722,0,0,0,835,835,2551722,2009
AL,corrections,5268,17282038,33,58800,5280,5298,5301,17340838,2009
AL,highways,4637,16134264,107,95958,8560,4685,4744,16230222,2009
AL,air transportation,0,0,0,0,0,0,0,0,2009
AL,water transport and terminals,669,2652324,7,14264,604,672,676,2666588,2009
AL,public welfare,4225,15156470,44,75378,3710,4246,4269,15231848,2009
AL,health,5809,22100652,500,577002,59393,6145,6309,22677654,2009
AL,hospitals,11108,42405318,1723,4289796,149845,11954,12831,46695114,2009
AL,social insurance administration,832,3593842,81,108858,10586,892,913,3702700,2009
AL,solid waste management,0,0,0,0,0,0,0,0,2009
AL,sewerage,0,0,0,0,0,0,0,0,2009
AL,parks and recreation,427,1142402,189,147788,17994,529,616,1290190,2009
AL,housing and community development,0,0,0,0,0,0,0,0,2009
AL,natural resources,2220,8402076,166,213577,14859,2303,2386,8615653,2009
AL,water transport and terminals,0,0,0,0,0,0,0,0,2009
AL,electric power,0,0,0,0,0,0,0,0,2009
AL,gas supply,0,0,0,0,0,0,0,0,2009
AL,transit,0,0,0,0,0,0,0,0,2009
AL,education - elementary and secondary instructional,0,0,0,0,0,0,0,0,2009
AL,education - elementary and secondary other,0,0,0,0,0,0,0,0,2009
AL,education - higher education instructional,9262,64924638,8865,10308197,467562,11963,18127,75232835,2009
AL,education - higher education other,21696,78164677,14723,10662855,827034,26449,36419,88827532,2009
AL,education - other,3032,11175403,136,201362,10077,3089,3168,11376765,2009
AL,libraries,0,0,0,0,0,0,0,0,2009
AL,liquor stores,737,1977506,9,13206,760,741,746,1990712,2009
AL,other and unallocable,2123,8571804,473,506534,45803,2382,2596,9078338,2009
AK,total,24183,122809259,5189,6639635,345258,26183,29372,129448894,2009
AK,financial administration,1074,5593911,51,48222,2082,1086,1125,5642133,2009
AK,other government administration,767,3609684,48,83687,3751,789,815,3693371,2009
AK,judicial and legal,1397,7626416,58,103560,3717,1419,1455,7729976,2009
AK,police protection - officers,259,1895272,0,0,0,259,259,1895272,2009
AK,police protection - other,190,724144,67,29228,1624,200,257,753372,2009
AK,corrections,1873,10451332,59,84910,4991,1903,1932,10536242,2009
AK,highways,3022,17177030,44,56166,3460,3043,3066,17233196,2009
AK,air transportation,0,0,0,0,0,0,0,0,2009
AK,water transport and terminals,0,0,0,0,0,0,0,0,2009
AK,public welfare,1772,7372698,144,186535,17747,1879,1916,7559233,2009
AK,health,667,3415977,17,30169,1331,675,684,3446146,2009
AK,hospitals,213,1065638,27,55790,3697,235,240,1121428,2009
AK,social insurance administration,399,1707782,8,9001,444,402,407,1716783,2009
AK,solid waste management,0,0,0,0,0,0,0,0,2009
AK,sewerage,0,0,0,0,0,0,0,0,2009
AK,parks and recreation,89,388458,3,3720,251,91,92,392178,2009
AK,housing and community development,0,0,0,0,0,0,0,0,2009
AK,natural resources,2360,11466450,115,197685,9063,2413,2475,11664135,2009
AK,water transport and terminals,0,0,0,0,0,0,0,0,2009
AK,electric power,0,0,0,0,0,0,0,0,2009
AK,gas supply,0,0,0,0,0,0,0,0,2009
AK,transit,0,0,0,0,0,0,0,0,2009
AK,education - elementary and secondary instructional,2133,8834186,445,591788,32948,2334,2578,9425974,2009
AK,education - elementary and secondary other,695,2273519,524,533925,38380,928,1219,2807444,2009
AK,education - higher education instructional,1097,8661044,1034,1442811,33451,1286,2131,10103855,2009
AK,education - higher education other,2917,13394857,2434,3069901,182498,3948,5351,16464758,2009
AK,education - other,257,1210650,49,21672,1891,268,306,1232322,2009
AK,libraries,0,0,0,0,0,0,0,0,2009
AK,liquor stores,0,0,0,0,0,0,0,0,2009
AK,other and unallocable,3002,15940211,62,90865,3932,3025,3064,16031076,2009
AZ,total,60259,254003481,23448,24904651,1541424,68972,83707,278908132,2009
AZ,financial administration,3370,12377414,47,104071,4147,3393,3417,12481485,2009
AZ,other government administration,582,2465976,147,215910,9056,635,729,2681886,2009
AZ,judicial and legal,2046,8930333,70,188813,6679,2084,2116,9119146,2009
AZ,police protection - officers,1246,7409437,0,0,0,1246,1246,7409437,2009
AZ,police protection - other,888,4071344,26,52740,2097,900,914,4124084,2009
AZ,corrections,10480,39896606,50,188734,5074,10509,10530,40085340,2009
AZ,highways,2775,10138455,50,95472,3890,2797,2825,10233927,2009
AZ,air transportation,0,0,0,0,0,0,0,0,2009
AZ,water transport and terminals,0,0,0,0,0,0,0,0,2009
AZ,public welfare,4843,13889343,109,267683,10062,4899,4952,14157026,2009
AZ,health,2983,11350789,64,148990,6124,3018,3047,11499779,2009
AZ,hospitals,728,2951138,44,126176,4649,754,772,3077314,2009
AZ,social insurance administration,1690,4396789,63,70137,5956,1724,1753,4466926,2009
AZ,solid waste management,0,0,0,0,0,0,0,0,2009
AZ,sewerage,0,0,0,0,0,0,0,0,2009
AZ,parks and recreation,347,1108228,7,7880,363,349,354,1116108,2009
AZ,housing and community development,0,0,0,0,0,0,0,0,2009
AZ,natural resources,1792,7348911,672,731752,49877,2074,2464,8080663,2009
AZ,water transport and terminals,0,0,0,0,0,0,0,0,2009
AZ,electric power,8,60835,0,0,0,8,8,60835,2009
AZ,gas supply,0,0,0,0,0,0,0,0,2009
AZ,transit,0,0,0,0,0,0,0,0,2009
AZ,education - elementary and secondary instructional,0,0,0,0,0,0,0,0,2009
AZ,education - elementary and secondary other,0,0,0,0,0,0,0,0,2009
AZ,education - higher education instructional,6803,45677173,6650,9137153,452486,9359,13453,54814326,2009
AZ,education - higher education other,13404,58812243,14932,12834443,940274,18716,28336,71646686,2009
AZ,education - other,2885,9617047,292,431602,25912,3032,3177,10048649,2009
AZ,libraries,0,0,0,0,0,0,0,0,2009
AZ,liquor stores,0,0,0,0,0,0,0,0,2009
AZ,other and unallocable,3389,13501420,225,303095,14778,3475,3614,13804515,2009
AR,total,56405,206611677,15427,12687766,873742,61337,71832,219299443,2009
AR,financial administration,1970,6382862,31,21025,1867,1980,2001,6403887,2009
AR,other government administration,713,2999180,191,304329,18141,815,904,3303509,2009
AR,judicial and legal,1478,4849838,155,209293,6499,1514,1633,5059131,2009
AR,police protection - officers,562,2357126,0,0,0,562,562,2357126,2009
AR,police protection - other,667,2035531,16,18325,1293,674,683,2053856,2009
AR,corrections,5153,14441296,5,3227,170,5154,5158,14444523,2009
AR,highways,3584,12826844,46,76159,4959,3612,3630,12903003,2009
AR,air transportation,0,0,0,0,0,0,0,0,2009
AR,water transport and terminals,0,0,0,0,0,0,0,0,2009
AR,public welfare,3768,11211030,83,115422,7302,3809,3851,11326452,2009
AR,health,4828,16157871,168,214864,11836,4894,4996,16372735,2009
AR,hospitals,5564,19525324,375,640869,36139,5768,5939,20166193,2009
AR,social insurance administration,1134,3749750,27,25942,1973,1145,1161,3775692,2009
AR,solid waste management,0,0,0,0,0,0,0,0,2009
AR,sewerage,0,0,0,0,0,0,0,0,2009
AR,parks and recreation,723,1896368,258,142853,20440,838,981,2039221,2009
AR,housing and community development,0,0,0,0,0,0,0,0,2009
AR,natural resources,1840,5906012,429,343913,29389,2007,2269,6249925,2009
AR,water transport and terminals,0,0,0,0,0,0,0,0,2009
AR,electric power,0,0,0,0,0,0,0,0,2009
AR,gas supply,0,0,0,0,0,0,0,0,2009
AR,transit,0,0,0,0,0,0,0,0,2009
AR,education - elementary and secondary instructional,0,0,0,0,0,0,0,0,2009
AR,education - elementary and secondary other,0,0,0,0,0,0,0,0,2009
AR,education - higher education instructional,6628,43102075,4985,5784243,291612,8277,11613,48886318,2009
AR,education - higher education other,13834,45300360,8456,4564896,428052,16254,22290,49865256,2009
AR,education - other,1465,4984935,50,63790,3181,1482,1515,5048725,2009
AR,libraries,0,0,0,0,0,0,0,0,2009
AR,liquor stores,0,0,0,0,0,0,0,0,2009
AR,other and unallocable,2494,8885275,152,158616,10889,2552,2646,9043891,2009
CA,total,352647,2014955327,148525,234876553,10351925,411142,501172,2249831880,2009
CA,financial administration,21391,92665237,3134,5401484,363468,23444,24525,98066721,2009
CA,other government administration,3854,20946438,334,967173,32390,4050,4188,21913611,2009
CA,judicial and legal,6556,41187238,696,1093817,39239,6777,7252,42281055,2009
CA,police protection - officers,7795,61040261,0,0,0,7795,7795,61040261,2009
CA,police protection - other,4265,16486975,65,113020,5968,4299,4330,16599995,2009
CA,corrections,63337,382883710,1739,7525376,205133,64496,65076,390409086,2009
CA,highways,20955,136451605,1056,3548547,128386,21680,22011,140000152,2009
CA,air transportation,0,0,0,0,0,0,0,0,2009
CA,water transport and terminals,0,0,0,0,0,0,0,0,2009
CA,public welfare,3679,15812331,343,738959,26687,3829,4022,16551290,2009
CA,health,12722,69547243,1444,3541149,119969,13399,14166,73088392,2009
CA,hospitals,38922,247322799,7941,25990396,744825,43129,46863,273313195,2009
CA,social insurance administration,17278,74001149,1241,2493419,116053,17934,18519,76494568,2009
CA,solid waste management,421,2191453,34,107837,3708,442,455,2299290,2009
CA,sewerage,0,0,0,0,0,0,0,0,2009
CA,parks and recreation,2432,10876681,1935,3012405,212227,3631,4367,13889086,2009
CA,housing and community development,0,0,0,0,0,0,0,0,2009
CA,natural resources,13187,66839325,2889,4746751,362601,15237,16076,71586076,2009
CA,water transport and terminals,0,0,0,0,0,0,0,0,2009
CA,electric power,0,0,0,0,0,0,0,0,2009
CA,gas supply,0,0,0,0,0,0,0,0,2009
CA,transit,0,0,0,0,0,0,0,0,2009
CA,education - elementary and secondary instructional,0,0,0,0,0,0,0,0,2009
CA,education - elementary and secondary other,0,0,0,0,0,0,0,0,2009
CA,education - higher education instructional,23228,200041617,30521,59029900,2197824,35646,53749,259071517,2009
CA,education - higher education other,87651,448172838,92449,110780501,5567763,119107,180100,558953339,2009
CA,education - other,4098,19395400,575,1027730,50272,4383,4673,20423130,2009
CA,libraries,0,0,0,0,0,0,0,0,2009
CA,liquor stores,0,0,0,0,0,0,0,0,2009
CA,other and unallocable,20876,109093027,2129,4758089,175412,21864,23005,113851116,2009
CO,total,53863,271086974,41814,73544412,3347254,72778,95677,344631386,2009
CO,financial administration,1945,9578967,102,229363,8684,1994,2047,9808330,2009
CO,other government administration,421,1768059,169,451005,23342,553,590,2219064,2009
CO,judicial and legal,3881,19834615,656,1955550,76467,4313,4537,21790165,2009
CO,police protection - officers,868,5096394,0,0,0,868,868,5096394,2009
CO,police protection - other,386,1457309,24,47123,1765,396,410,1504432,2009
CO,corrections,7370,31662701,94,338523,11382,7434,7464,32001224,2009
CO,highways,3079,14658990,140,377356,15815,3168,3219,15036346,2009
CO,air transportation,0,0,0,0,0,0,0,0,2009
CO,water transport and terminals,0,0,0,0,0,0,0,0,2009
CO,public welfare,1879,8938967,553,1355043,59515,2215,2432,10294010,2009
CO,health,1165,6691647,143,466313,15293,1251,1308,7157960,2009
CO,hospitals,4436,17296788,1118,4139049,162193,5353,5554,21435837,2009
CO,social insurance administration,1048,5072556,109,288679,15000,1133,1157,5361235,2009
CO,solid waste management,0,0,0,0,0,0,0,0,2009
CO,sewerage,0,0,0,0,0,0,0,0,2009
CO,parks and recreation,266,1279294,104,101486,5103,295,370,1380780,2009
CO,housing and community development,0,0,0,0,0,0,0,0,2009
CO,natural resources,1386,7372624,194,374672,12919,1459,1580,7747296,2009
CO,water transport and terminals,0,0,0,0,0,0,0,0,2009
CO,electric power,0,0,0,0,0,0,0,0,2009
CO,gas supply,0,0,0,0,0,0,0,0,2009
CO,transit,0,0,0,0,0,0,0,0,2009
CO,education - elementary and secondary instructional,0,0,0,0,0,0,0,0,2009
CO,education - elementary and secondary other,0,0,0,0,0,0,0,0,2009
CO,education - higher education instructional,8494,63195805,12762,32974539,1317544,15939,21256,96170344,2009
CO,education - higher education other,14634,64037681,24708,28890831,1558155,23439,39342,92928512,2009
CO,education - other,974,4794314,871,1380576,56922,1296,1845,6174890,2009
CO,libraries,0,0,0,0,0,0,0,0,2009
CO,liquor stores,0,0,0,0,0,0,0,0,2009
CO,other and unallocable,1631,8350263,67,174304,7155,1672,1698,8524567,2009
CT,total,57117,332705871,24139,39044613,1575944,66498,81256,371750484,2009
CT,financial administration,2791,14206825,176,528225,19844,2903,2967,14735050,2009
CT,other government administration,1220,6229842,278,933721,31144,1396,1498,7163563,2009
CT,judicial and legal,4945,27861383,367,693644,11000,5006,5312,28555027,2009
CT,police protection - officers,1464,8146015,1,2907,142,1465,1465,8148922,2009
CT,police protection - other,600,3218943,42,59397,2849,616,642,3278340,2009
CT,corrections,7860,47417630,146,445198,12562,7931,8006,47862828,2009
CT,highways,3110,18038782,3,15170,525,3113,3113,18053952,2009
CT,air transportation,145,948960,0,0,0,145,145,948960,2009
CT,water transport and terminals,0,0,0,0,0,0,0,0,2009
CT,public welfare,5827,32174212,656,2247217,84353,6304,6483,34421429,2009
CT,health,4026,20255177,709,2022374,71399,4429,4735,22277551,2009
CT,hospitals,5806,36215639,2241,8175543,266384,7310,8047,44391182,2009
CT,social insurance administration,628,3347116,60,184318,9276,680,688,3531434,2009
CT,solid waste management,52,355575,6,21073,793,57,58,376648,2009
CT,sewerage,0,0,0,0,0,0,0,0,2009
CT,parks and recreation,181,853927,28,33704,1621,190,209,887631,2009
CT,housing and community development,0,0,0,0,0,0,0,0,2009
CT,natural resources,1050,5441762,190,372590,14422,1136,1240,5814352,2009
CT,water transport and terminals,0,0,0,0,0,0,0,0,2009
CT,electric power,0,0,0,0,0,0,0,0,2009
CT,gas supply,0,0,0,0,0,0,0,0,2009
CT,transit,0,0,0,0,0,0,0,0,2009
CT,education - elementary and secondary instructional,0,0,0,0,0,0,0,0,2009
CT,education - elementary and secondary other,0,0,0,0,0,0,0,0,2009
CT,education - higher education instructional,4304,33365315,8821,14256093,479388,7217,13125,47621408,2009
CT,education - higher education other,7979,44613949,9098,7192607,488698,11009,17077,51806556,2009
CT,education - other,2341,13935555,949,1104490,48212,2614,3290,15040045,2009
CT,libraries,0,0,0,0,0,0,0,0,2009
CT,liquor stores,0,0,0,0,0,0,0,0,2009
CT,other and unallocable,2788,16079264,368,756342,33332,2977,3156,16835606,2009
DE,total,23602,99772095,8229,10794789,483248,26510,31831,110566884,2009
DE,financial administration,820,2847302,26,25930,1281,828,846,2873232,2009
DE,other government administration,302,1291448,93,325020,10689,363,395,1616468,2009
DE,judicial and legal,1678,7606314,63,124485,6053,1715,1741,7730799,2009
DE,police protection - officers,711,4844019,0,0,0,711,711,4844019,2009
DE,police protection - other,304,1164577,11,23659,1136,311,315,1188236,2009
DE,corrections,2920,11033691,51,70848,5519,2954,2971,11104539,2009
DE,highways,1617,6019483,12,26572,1251,1625,1629,6046055,2009
DE,air transportation,0,0,0,0,0,0,0,0,2009
DE,water transport and terminals,273,1024397,0,0,0,273,273,1024397,2009
DE,public welfare,1725,5982141,116,187716,11829,1795,1841,6169857,2009
DE,health,2055,7708124,179,319715,17100,2156,2234,8027839,2009
DE,hospitals,1775,6058604,93,108026,7541,1821,1868,6166630,2009
DE,social insurance administration,329,1100449,20,34410,1729,340,349,1134859,2009
DE,solid waste management,180,604032,19,27363,1727,190,199,631395,2009
DE,sewerage,0,0,0,0,0,0,0,0,2009
DE,parks and recreation,302,764094,29,25308,1944,313,331,789402,2009
DE,housing and community development,0,0,0,0,0,0,0,0,2009
DE,natural resources,492,1873366,126,107539,6351,531,618,1980905,2009
DE,water transport and terminals,0,0,0,0,0,0,0,0,2009
DE,electric power,0,0,0,0,0,0,0,0,2009
DE,gas supply,0,0,0,0,0,0,0,0,2009
DE,transit,740,3317883,5,7118,392,742,745,3325001,2009
DE,education - elementary and secondary instructional,0,0,0,0,0,0,0,0,2009
DE,education - elementary and secondary other,0,0,0,0,0,0,0,0,2009
DE,education - higher education instructional,1495,11125679,3883,6565817,248741,2993,5378,17691496,2009
DE,education - higher education other,3903,16802249,3280,2592764,148519,4798,7183,19395013,2009
DE,education - other,359,1976200,29,52097,2079,372,388,2028297,2009
DE,libraries,0,0,0,0,0,0,0,0,2009
DE,liquor stores,0,0,0,0,0,0,0,0,2009
DE,other and unallocable,1622,6628043,194,170402,9367,1679,1816,6798445,2009
FL,total,169754,655000649,47204,54473816,2805101,185630,216958,709474465,2009
FL,financial administration,6623,21884409,258,236740,16345,6715,6881,22121149,2009
FL,other government administration,2319,10452161,146,186906,11850,2385,2465,10639067,2009
FL,judicial and legal,19408,77167390,824,1470917,72028,19815,20232,78638307,2009
FL,police protection - officers,2272,9824720,49,61372,1532,2281,2321,9886092,2009
FL,police protection - other,2013,6748089,99,129349,10956,2075,2112,6877438,2009
FL,corrections,29823,90993830,462,705851,24674,29962,30285,91699681,2009
FL,highways,7755,31406307,90,77878,6372,7791,7845,31484185,2009
FL,air transportation,0,0,0,0,0,0,0,0,2009
FL,water transport and terminals,0,0,0,0,0,0,0,0,2009
FL,public welfare,9621,28826126,276,305464,22239,9747,9897,29131590,2009
FL,health,20101,64992125,1271,2519498,141841,20902,21372,67511623,2009
FL,hospitals,3713,11237465,74,146286,6352,3749,3787,11383751,2009
FL,social insurance administration,2502,8109011,93,127710,7926,2547,2595,8236721,2009
FL,solid waste management,0,0,0,0,0,0,0,0,2009
FL,sewerage,0,0,0,0,0,0,0,0,2009
FL,parks and recreation,1298,3140260,310,245633,21139,1417,1608,3385893,2009
FL,housing and community development,0,0,0,0,0,0,0,0,2009
FL,natural resources,8981,29531683,2357,2286819,149121,9823,11338,31818502,2009
FL,water transport and terminals,0,0,0,0,0,0,0,0,2009
FL,electric power,0,0,0,0,0,0,0,0,2009
FL,gas supply,0,0,0,0,0,0,0,0,2009
FL,transit,663,2695235,51,77986,6511,700,714,2773221,2009
FL,education - elementary and secondary instructional,0,0,0,0,0,0,0,0,2009
FL,education - elementary and secondary other,0,0,0,0,0,0,0,0,2009
FL,education - higher education instructional,15920,122590849,17273,24080132,854075,20750,33193,146670981,2009
FL,education - higher education other,26948,102181825,22764,21024544,1398434,34873,49712,123206369,2009
FL,education - other,3075,10272662,309,246811,16966,3171,3384,10519473,2009
FL,libraries,0,0,0,0,0,0,0,0,2009
FL,liquor stores,0,0,0,0,0,0,0,0,2009
FL,other and unallocable,6719,22946502,498,543920,36740,6927,7217,23490422,2009
GA,total,108043,423014909,42169,43060802,2573314,122582,150212,466075711,2009
GA,financial administration,3709,15448140,241,394274,33935,3899,3950,15842414,2009
GA,other government administration,955,3462939,247,416547,35216,1154,1202,3879486,2009
GA,judicial and legal,3541,16155702,82,191562,7261,3582,3623,16347264,2009
GA,police protection - officers,1102,4682670,1,1892,160,1103,1103,4684562,2009
GA,police protection - other,952,3306256,37,49362,3818,974,989,3355618,2009
GA,corrections,17942,49340744,626,973480,46234,18203,18568,50314224,2009
GA,highways,5580,17752384,35,38642,1892,5591,5615,17791026,2009
GA,air transportation,0,0,0,0,0,0,0,0,2009
GA,water transport and terminals,997,4915827,0,0,0,997,997,4915827,2009
GA,public welfare,8363,23565773,69,107062,5896,8396,8432,23672835,2009
GA,health,4432,16600716,313,557060,40172,4659,4745,17157776,2009
GA,hospitals,6324,16742836,1149,2034326,116262,6979,7473,18777162,2009
GA,social insurance administration,2092,6269452,147,232426,16008,2182,2239,6501878,2009
GA,solid waste management,0,0,0,0,0,0,0,0,2009
GA,sewerage,0,0,0,0,0,0,0,0,2009
GA,parks and recreation,1405,3980258,888,1126884,91379,1920,2293,5107142,2009
GA,housing and community development,0,0,0,0,0,0,0,0,2009
GA,natural resources,3892,13530415,1104,1119434,88516,4391,4996,14649849,2009
GA,water transport and terminals,0,0,0,0,0,0,0,0,2009
GA,electric power,0,0,0,0,0,0,0,0,2009
GA,gas supply,0,0,0,0,0,0,0,0,2009
GA,transit,0,0,0,0,0,0,0,0,2009
GA,education - elementary and secondary instructional,0,0,0,0,0,0,0,0,2009
GA,education - elementary and secondary other,0,0,0,0,0,0,0,0,2009
GA,education - higher education instructional,13191,86118192,14982,19290436,827265,17869,28173,105408628,2009
GA,education - higher education other,27755,117594473,21504,15676675,1198226,34523,49259,133271148,2009
GA,education - other,2833,12174673,399,570515,40138,3061,3232,12745188,2009
GA,libraries,0,0,0,0,0,0,0,0,2009
GA,liquor stores,0,0,0,0,0,0,0,0,2009
GA,other and unallocable,2978,11373459,345,280225,20936,3099,3323,11653684,2009
HI,total,54852,233045908,20630,20395570,919838,60041,75482,253441478,2009
HI,financial administration,745,3003070,4,8466,356,747,749,3011536,2009
HI,other government administration,690,2820106,151,352844,13614,765,841,3172950,2009
HI,judicial and legal,2520,11521642,49,88890,2888,2536,2569,11610532,2009
HI,police protection - officers,0,0,0,0,0,0,0,0,2009
HI,police protection - other,0,0,0,0,0,0,0,0,2009
HI,corrections,2448,10934198,12,50638,906,2453,2460,10984836,2009
HI,highways,883,4133954,6,5896,468,886,889,4139850,2009
HI,air transportation,954,3654888,12,15690,916,959,966,3670578,2009
HI,water transport and terminals,210,883618,0,0,0,210,210,883618,2009
HI,public welfare,635,2532054,39,24654,2972,652,674,2556708,2009
HI,health,2353,10931032,69,222070,7932,2398,2422,11153102,2009
HI,hospitals,4120,19755426,582,1576558,47640,4387,4702,21331984,2009
HI,social insurance administration,263,1086848,27,60188,2184,275,290,1147036,2009
HI,solid waste management,0,0,0,0,0,0,0,0,2009
HI,sewerage,0,0,0,0,0,0,0,0,2009
HI,parks and recreation,145,535772,547,87870,6276,180,692,623642,2009
HI,housing and community development,0,0,0,0,0,0,0,0,2009
HI,natural resources,1150,5267604,289,284108,17130,1246,1439,5551712,2009
HI,water transport and terminals,0,0,0,0,0,0,0,0,2009
HI,electric power,0,0,0,0,0,0,0,0,2009
HI,gas supply,0,0,0,0,0,0,0,0,2009
HI,transit,0,0,0,0,0,0,0,0,2009
HI,education - elementary and secondary instructional,18018,80388960,9024,8082176,353422,20015,27042,88471136,2009
HI,education - elementary and secondary other,7727,17180436,3022,1272840,83806,8200,10749,18453276,2009
HI,education - higher education instructional,2621,18603318,1324,4113658,126574,3336,3945,22716976,2009
HI,education - higher education other,4627,20282332,5139,3864110,230994,5932,9766,24146442,2009
HI,education - other,145,586366,3,6118,240,146,148,592484,2009
HI,libraries,466,1681014,268,204786,17368,564,734,1885800,2009
HI,liquor stores,0,0,0,0,0,0,0,0,2009
HI,other and unallocable,4132,17263270,63,74010,4152,4154,4195,17337280,2009
ID,total,19483,81862498,9430,10320858,654288,23179,28913,92183356,2009
ID,financial administration,1182,5071428,158,261469,25253,1325,1340,5332897,2009
ID,other government administration,152,806179,190,446869,18666,257,342,1253048,2009
ID,judicial and legal,479,3389500,26,77259,1729,489,505,3466759,2009
ID,police protection - officers,270,1381516,0,0,0,270,270,1381516,2009
ID,police protection - other,218,837510,24,38056,2845,234,242,875566,2009
ID,corrections,1995,7710207,42,94761,5562,2026,2037,7804968,2009
ID,highways,1553,5610081,155,259576,25649,1698,1708,5869657,2009
ID,air transportation,0,0,0,0,0,0,0,0,2009
ID,water transport and terminals,0,0,0,0,0,0,0,0,2009
ID,public welfare,1758,6095099,161,270931,21250,1879,1919,6366030,2009
ID,health,1119,4863130,165,352880,15321,1205,1284,5216010,2009
ID,hospitals,799,2536485,129,124759,9394,852,928,2661244,2009
ID,social insurance administration,476,2363120,257,740781,40000,702,733,3103901,2009
ID,solid waste management,0,0,0,0,0,0,0,0,2009
ID,sewerage,0,0,0,0,0,0,0,0,2009
ID,parks and recreation,200,699516,66,77725,6700,238,266,777241,2009
ID,housing and community development,0,0,0,0,0,0,0,0,2009
ID,natural resources,1648,7203183,709,1004817,71153,2050,2357,8208000,2009
ID,water transport and terminals,0,0,0,0,0,0,0,0,2009
ID,electric power,0,0,0,0,0,0,0,0,2009
ID,gas supply,0,0,0,0,0,0,0,0,2009
ID,transit,0,0,0,0,0,0,0,0,2009
ID,education - elementary and secondary instructional,0,0,0,0,0,0,0,0,2009
ID,education - elementary and secondary other,0,0,0,0,0,0,0,0,2009
ID,education - higher education instructional,2289,12538821,1867,2729663,112554,2925,4156,15268484,2009
ID,education - higher education other,3885,14435060,5191,3463230,267404,5395,9076,17898290,2009
ID,education - other,434,1998620,90,179416,14400,515,524,2178036,2009
ID,libraries,0,0,0,0,0,0,0,0,2009
ID,liquor stores,164,548191,170,154617,13322,239,334,702808,2009
ID,other and unallocable,862,3774852,30,44049,3086,880,892,3818901,2009
IL,total,108927,552982278,53208,81761339,4789335,136542,162135,634743617,2009
IL,financial administration,5081,23106129,316,570861,31542,5272,5397,23676990,2009
IL,other government administration,2382,13294744,45,80097,2986,2399,2427,13374841,2009
IL,judicial and legal,2570,21459434,61,183832,4382,2596,2631,21643266,2009
IL,police protection - officers,2254,14865374,0,0,0,2254,2254,14865374,2009
IL,police protection - other,1532,7880436,12,35936,908,1537,1544,7916372,2009
IL,corrections,12058,62000660,7,33166,662,12062,12065,62033826,2009
IL,highways,6059,32172617,1148,4378802,129080,6837,7207,36551419,2009
IL,air transportation,0,0,0,0,0,0,0,0,2009
IL,water transport and terminals,60,340050,0,0,0,60,60,340050,2009
IL,public welfare,9859,50010180,50,164328,4756,9888,9909,50174508,2009
IL,health,2518,13570966,9,16730,540,2521,2527,13587696,2009
IL,hospitals,11154,54164462,786,1808735,62320,11509,11940,55973197,2009
IL,social insurance administration,1999,9897779,251,861082,37830,2227,2250,10758861,2009
IL,solid waste management,0,0,0,0,0,0,0,0,2009
IL,sewerage,0,0,0,0,0,0,0,0,2009
IL,parks and recreation,484,2139806,29,83442,3666,506,513,2223248,2009
IL,housing and community development,0,0,0,0,0,0,0,0,2009
IL,natural resources,2469,11395795,1352,3275240,216666,3695,3821,14671035,2009
IL,water transport and terminals,0,0,0,0,0,0,0,0,2009
IL,electric power,0,0,0,0,0,0,0,0,2009
IL,gas supply,0,0,0,0,0,0,0,0,2009
IL,transit,0,0,0,0,0,0,0,0,2009
IL,education - elementary and secondary instructional,0,0,0,0,0,0,0,0,2009
IL,education - elementary and secondary other,0,0,0,0,0,0,0,0,2009
IL,education - higher education instructional,12998,82638576,17999,33152467,1420688,21257,30997,115791043,2009
IL,education - higher education other,26778,109834746,30918,36603711,2850477,43112,57696,146438457,2009
IL,education - other,2061,10649882,6,24474,664,2065,2067,10674356,2009
IL,libraries,0,0,0,0,0,0,0,0,2009
IL,liquor stores,0,0,0,0,0,0,0,0,2009
IL,other and unallocable,6611,33560642,219,488436,22168,6745,6830,34049078,2009
IN,total,76790,320572514,40709,36585474,2744107,92484,117499,357157988,2009
IN,financial administration,2274,9882926,34,71712,3799,2296,2308,9954638,2009
IN,other government administration,532,2403086,336,618780,36381,752,868,3021866,2009
IN,judicial and legal,1406,9463616,48,78041,3984,1430,1454,9541657,2009
IN,police protection - officers,1314,5971061,0,0,0,1314,1314,5971061,2009
IN,police protection - other,798,2651638,1,904,80,798,799,2652542,2009
IN,corrections,7357,24135519,3,1529,150,7358,7360,24137048,2009
IN,highways,4232,14520634,40,36394,2380,4246,4272,14557028,2009
IN,air transportation,0,0,0,0,0,0,0,0,2009
IN,water transport and terminals,26,131135,1,38,4,26,27,131173,2009
IN,public welfare,4959,16473671,105,51022,4738,4988,5064,16524693,2009
IN,health,1885,7828375,13,26978,1058,1891,1898,7855353,2009
IN,hospitals,2573,8071351,55,65725,4145,2597,2628,8137076,2009
IN,social insurance administration,1197,4071946,248,322730,28773,1370,1445,4394676,2009
IN,solid waste management,0,0,0,0,0,0,0,0,2009
IN,sewerage,0,0,0,0,0,0,0,0,2009
IN,parks and recreation,131,471004,39,40014,3647,153,170,511018,2009
IN,housing and community development,0,0,0,0,0,0,0,0,2009
IN,natural resources,2227,9424506,1073,822599,155310,3158,3300,10247105,2009
IN,water transport and terminals,0,0,0,0,0,0,0,0,2009
IN,electric power,0,0,0,0,0,0,0,0,2009
IN,gas supply,0,0,0,0,0,0,0,0,2009
IN,transit,0,0,0,0,0,0,0,0,2009
IN,education - elementary and secondary instructional,0,0,0,0,0,0,0,0,2009
IN,education - elementary and secondary other,0,0,0,0,0,0,0,0,2009
IN,education - higher education instructional,17618,102337558,12622,17310326,918648,22820,30240,119647884,2009
IN,education - higher education other,25007,90174638,25851,16971213,1569562,33964,50858,107145851,2009
IN,education - other,1084,4313282,143,80783,6563,1124,1227,4394065,2009
IN,libraries,0,0,0,0,0,0,0,0,2009
IN,liquor stores,0,0,0,0,0,0,0,0,2009
IN,other and unallocable,2170,8246568,97,86686,4885,2199,2267,8333254,2009
IA,total,43190,232177914,25624,32614474,1607779,52288,68814,264792388,2009
IA,financial administration,1158,5347599,63,147023,7168,1198,1221,5494622,2009
IA,other government administration,363,1858895,296,693141,26056,522,659,2552036,2009
IA,judicial and legal,2283,11893342,161,347609,17535,2382,2444,12240951,2009
IA,police protection - officers,668,4195475,0,0,0,668,668,4195475,2009
IA,police protection - other,363,1702418,28,33871,1985,374,391,1736289,2009
IA,corrections,3253,14345246,238,697981,28757,3415,3491,15043227,2009
IA,highways,2400,11105734,0,0,0,2400,2400,11105734,2009
IA,air transportation,0,0,0,0,0,0,0,0,2009
IA,water transport and terminals,0,0,0,0,0,0,0,0,2009
IA,public welfare,3194,13710926,62,132561,6720,3232,3256,13843487,2009
IA,health,443,2371683,59,92237,4180,467,502,2463920,2009
IA,hospitals,6687,38266980,3327,6100028,297482,8368,10014,44367008,2009
IA,social insurance administration,723,3202907,3,7295,392,725,726,3210202,2009
IA,solid waste management,0,0,0,0,0,0,0,0,2009
IA,sewerage,0,0,0,0,0,0,0,0,2009
IA,parks and recreation,121,636828,17,14654,1683,131,138,651482,2009
IA,housing and community development,0,0,0,0,0,0,0,0,2009
IA,natural resources,1632,9154503,230,287939,20406,1748,1862,9442442,2009
IA,water transport and terminals,0,0,0,0,0,0,0,0,2009
IA,electric power,0,0,0,0,0,0,0,0,2009
IA,gas supply,0,0,0,0,0,0,0,0,2009
IA,transit,0,0,0,0,0,0,0,0,2009
IA,education - elementary and secondary instructional,0,0,0,0,0,0,0,0,2009
IA,education - elementary and secondary other,0,0,0,0,0,0,0,0,2009
IA,education - higher education instructional,3719,34656914,7185,17470953,644185,7358,10904,52127867,2009
IA,education - higher education other,12304,60423707,13477,5699278,506264,15164,25781,66122985,2009
IA,education - other,1127,5642700,112,205800,9267,1180,1239,5848500,2009
IA,libraries,0,0,0,0,0,0,0,0,2009
IA,liquor stores,0,0,0,0,0,0,0,0,2009
IA,other and unallocable,2752,13662057,366,684104,35699,2956,3118,14346161,2009
KS,total,39672,163146965,16109,15875198,971657,45163,55781,179022163,2009
KS,financial administration,1909,6628211,78,86940,4636,1935,1987,6715151,2009
KS,other government administration,512,1677692,203,590556,24806,652,715,2268248,2009
KS,judicial and legal,2101,8796743,191,185677,11577,2166,2292,8982420,2009
KS,police protection - officers,374,1832462,20,33418,1875,385,394,1865880,2009
KS,police protection - other,749,3018005,34,43148,2471,763,783,3061153,2009
KS,corrections,3592,10913340,24,32487,2080,3604,3616,10945827,2009
KS,highways,3320,11185318,130,142733,9472,3374,3450,11328051,2009
KS,air transportation,0,0,0,0,0,0,0,0,2009
KS,water transport and terminals,0,0,0,0,0,0,0,0,2009
KS,public welfare,2482,7690543,85,121686,9799,2537,2567,7812229,2009
KS,health,1209,4810918,29,57496,2150,1221,1238,4868414,2009
KS,hospitals,3044,9396037,397,228466,9170,3096,3441,9624503,2009
KS,social insurance administration,103,332054,4,6230,365,105,107,338284,2009
KS,solid waste management,0,0,0,0,0,0,0,0,2009
KS,sewerage,0,0,0,0,0,0,0,0,2009
KS,parks and recreation,610,1711267,9,2156,135,611,619,1713423,2009
KS,housing and community development,0,0,0,0,0,0,0,0,2009
KS,natural resources,821,3232263,107,83514,6858,860,928,3315777,2009
KS,water transport and terminals,0,0,0,0,0,0,0,0,2009
KS,electric power,0,0,0,0,0,0,0,0,2009
KS,gas supply,0,0,0,0,0,0,0,0,2009
KS,transit,0,0,0,0,0,0,0,0,2009
KS,education - elementary and secondary instructional,0,0,0,0,0,0,0,0,2009
KS,education - elementary and secondary other,0,0,0,0,0,0,0,0,2009
KS,education - higher education instructional,4771,37735282,3651,5613830,229738,6068,8422,43349112,2009
KS,education - higher education other,10324,39814843,10769,8216665,638947,13935,21093,48031508,2009
KS,education - other,587,2370778,63,75771,2332,600,650,2446549,2009
KS,libraries,0,0,0,0,0,0,0,0,2009
KS,liquor stores,0,0,0,0,0,0,0,0,2009
KS,other and unallocable,3164,12001209,315,354425,15246,3251,3479,12355634,2009
KY,total,70863,279624594,26638,30632532,1748961,81117,97501,310257126,2009
KY,financial administration,2217,8608219,9,15368,714,2221,2226,8623587,2009
KY,other government administration,915,4463678,395,873378,31042,1101,1310,5337056,2009
KY,judicial and legal,4858,17305589,614,1281587,84116,5365,5472,18587176,2009
KY,police protection - officers,1064,4210745,0,0,0,1064,1064,4210745,2009
KY,police protection - other,1293,5129450,0,0,0,1293,1293,5129450,2009
KY,corrections,4088,11153367,0,0,0,4088,4088,11153367,2009
KY,highways,4214,14854662,0,0,0,4214,4214,14854662,2009
KY,air transportation,0,0,0,0,0,0,0,0,2009
KY,water transport and terminals,0,0,0,0,0,0,0,0,2009
KY,public welfare,5976,18574733,0,0,0,5976,5976,18574733,2009
KY,health,2193,7243556,176,294504,15199,2279,2369,7538060,2009
KY,hospitals,5307,20842022,380,1230189,56816,5628,5687,22072211,2009
KY,social insurance administration,952,3149675,0,0,0,952,952,3149675,2009
KY,solid waste management,0,0,0,0,0,0,0,0,2009
KY,sewerage,0,0,0,0,0,0,0,0,2009
KY,parks and recreation,1174,2923353,108,111708,12860,1251,1282,3035061,2009
KY,housing and community development,0,0,0,0,0,0,0,0,2009
KY,natural resources,3008,10146111,447,434433,43710,3268,3455,10580544,2009
KY,water transport and terminals,0,0,0,0,0,0,0,0,2009
KY,electric power,0,0,0,0,0,0,0,0,2009
KY,gas supply,0,0,0,0,0,0,0,0,2009
KY,transit,0,0,0,0,0,0,0,0,2009
KY,education - elementary and secondary instructional,0,0,0,0,0,0,0,0,2009
KY,education - elementary and secondary other,0,0,0,0,0,0,0,0,2009
KY,education - higher education instructional,9226,61781585,7499,12025940,493509,12138,16725,73807525,2009
KY,education - higher education other,18396,67273026,16833,14209448,1002847,24247,35229,81482474,2009
KY,education - other,2502,10067533,156,132498,7288,2546,2658,10200031,2009
KY,libraries,0,0,0,0,0,0,0,0,2009
KY,liquor stores,0,0,0,0,0,0,0,0,2009
KY,other and unallocable,3480,11897290,21,23479,860,3486,3501,11920769,2009
LA,total,84321,348328289,23267,22256915,1325813,91809,107588,370585204,2009
LA,financial administration,2474,9594173,131,170933,12044,2542,2605,9765106,2009
LA,other government administration,2312,10342610,552,800477,44219,2563,2864,11143087,2009
LA,judicial and legal,1641,7181698,64,47141,3559,1663,1705,7228839,2009
LA,police protection - officers,1204,7019498,0,0,0,1204,1204,7019498,2009
LA,police protection - other,533,1966767,27,16727,1229,540,560,1983494,2009
LA,corrections,7696,29440492,73,79675,6542,7733,7769,29520167,2009
LA,highways,4816,18314915,54,61610,4167,4839,4870,18376525,2009
LA,air transportation,0,0,0,0,0,0,0,0,2009
LA,water transport and terminals,265,1368637,3,7171,250,266,268,1375808,2009
LA,public welfare,5993,21276573,65,108298,4625,6018,6058,21384871,2009
LA,health,3918,18072634,144,224774,11820,3984,4062,18297408,2009
LA,hospitals,13988,52270652,1944,3515167,156345,14872,15932,55785819,2009
LA,social insurance administration,794,3085047,49,62576,5241,824,843,3147623,2009
LA,solid waste management,0,0,0,0,0,0,0,0,2009
LA,sewerage,0,0,0,0,0,0,0,0,2009
LA,parks and recreation,983,2926209,180,177250,17570,1082,1163,3103459,2009
LA,housing and community development,0,0,0,0,0,0,0,0,2009
LA,natural resources,4354,18088506,780,734396,56711,4675,5134,18822902,2009
LA,water transport and terminals,0,0,0,0,0,0,0,0,2009
LA,electric power,0,0,0,0,0,0,0,0,2009
LA,gas supply,0,0,0,0,0,0,0,0,2009
LA,transit,0,0,0,0,0,0,0,0,2009
LA,education - elementary and secondary instructional,1599,6307066,102,86959,2672,1614,1701,6394025,2009
LA,education - elementary and secondary other,251,1149721,25,76199,2006,262,276,1225920,2009
LA,education - higher education instructional,8236,55332532,5738,8699156,383956,10405,13974,64031688,2009
LA,education - higher education other,16798,57740754,12261,6210988,553014,19922,29059,63951742,2009
LA,education - other,3554,14869367,853,957590,43203,3797,4407,15826957,2009
LA,libraries,0,0,0,0,0,0,0,0,2009
LA,liquor stores,0,0,0,0,0,0,0,0,2009
LA,other and unallocable,2912,11980438,222,219828,16640,3004,3134,12200266,2009
ME,total,18395,76169994,10197,11097628,549291,21497,28592,87267622,2009
ME,financial administration,824,3236783,616,970462,39368,1046,1440,4207245,2009
ME,other government administration,294,1453714,251,623678,26389,444,545,2077392,2009
ME,judicial and legal,702,3314843,59,106064,5001,730,761,3420907,2009
ME,police protection - officers,315,1429834,215,457839,13661,392,530,1887673,2009
ME,police protection - other,14,60900,7,13043,427,16,21,73943,2009
ME,corrections,1271,5484258,43,101083,4597,1297,1314,5585341,2009
ME,highways,2310,8997343,94,121713,7197,2351,2404,9119056,2009
ME,air transportation,0,0,0,0,0,0,0,0,2009
ME,water transport and terminals,87,264991,0,0,0,87,87,264991,2009
ME,public welfare,3046,11130130,95,216767,9426,3099,3141,11346897,2009
ME,health,942,4054125,200,397698,13509,1018,1142,4451823,2009
ME,hospitals,549,2317550,61,154528,6061,584,610,2472078,2009
ME,social insurance administration,207,862311,128,218443,8004,253,335,1080754,2009
ME,solid waste management,0,0,0,0,0,0,0,0,2009
ME,sewerage,0,0,0,0,0,0,0,0,2009
ME,parks and recreation,84,332265,90,124052,5290,114,174,456317,2009
ME,housing and community development,0,0,0,0,0,0,0,0,2009
ME,natural resources,882,3729105,380,646198,23604,1015,1262,4375303,2009
ME,water transport and terminals,0,0,0,0,0,0,0,0,2009
ME,electric power,0,0,0,0,0,0,0,0,2009
ME,gas supply,0,0,0,0,0,0,0,0,2009
ME,transit,0,0,0,0,0,0,0,0,2009
ME,education - elementary and secondary instructional,17,38220,24,12766,2216,30,41,50986,2009
ME,education - elementary and secondary other,5,5712,28,15015,1590,14,33,20727,2009
ME,education - higher education instructional,1715,9959651,2221,3045602,118043,2382,3936,13005253,2009
ME,education - higher education other,3756,13654703,5067,2588719,217575,4984,8823,16243422,2009
ME,education - other,163,697975,106,179075,6658,200,269,877050,2009
ME,libraries,0,0,0,0,0,0,0,0,2009
ME,liquor stores,1,4244,0,0,0,1,1,4244,2009
ME,other and unallocable,1211,5141337,512,1104883,40675,1440,1723,6246220,2009
MD,total,81483,375307972,13306,36007252,1421677,89511,94789,411315224,2009
MD,financial administration,3454,15426601,115,293573,13933,3531,3569,15720174,2009
MD,other government administration,1447,7600121,312,584933,17350,1545,1759,8185054,2009
MD,judicial and legal,4792,25727795,447,1053243,61687,5140,5239,26781038,2009
MD,police protection - officers,1520,9026412,0,0,0,1520,1520,9026412,2009
MD,police protection - other,810,3198982,29,83984,4490,835,839,3282966,2009
MD,corrections,12482,52448588,342,780086,50470,12769,12824,53228674,2009
MD,highways,4849,22246077,6,8300,301,4850,4855,22254377,2009
MD,air transportation,499,2540023,1,2285,95,500,500,2542308,2009
MD,water transport and terminals,287,1627507,1,1461,46,287,288,1628968,2009
MD,public welfare,6627,25740616,121,290601,16955,6722,6748,26031217,2009
MD,health,6383,27791873,786,1491916,86543,6872,7169,29283789,2009
MD,hospitals,4258,17233041,679,1128034,59170,4591,4937,18361075,2009
MD,social insurance administration,777,2824715,150,333114,19840,889,927,3157829,2009
MD,solid waste management,0,0,0,0,0,0,0,0,2009
MD,sewerage,0,0,0,0,0,0,0,0,2009
MD,parks and recreation,332,1429172,160,242887,16229,424,492,1672059,2009
MD,housing and community development,0,0,0,0,0,0,0,0,2009
MD,natural resources,1944,9484075,307,682447,36624,2151,2251,10166522,2009
MD,water transport and terminals,0,0,0,0,0,0,0,0,2009
MD,electric power,0,0,0,0,0,0,0,0,2009
MD,gas supply,0,0,0,0,0,0,0,0,2009
MD,transit,764,4093276,2,2927,69,764,766,4096203,2009
MD,education - elementary and secondary instructional,0,0,0,0,0,0,0,0,2009
MD,education - elementary and secondary other,0,0,0,0,0,0,0,0,2009
MD,education - higher education instructional,6848,48851782,4432,21513308,598093,10226,11280,70365090,2009
MD,education - higher education other,14785,59759702,4412,5476089,335742,16681,19197,65235791,2009
MD,education - other,2065,9841901,330,688487,31456,2243,2395,10530388,2009
MD,libraries,0,0,0,0,0,0,0,0,2009
MD,liquor stores,0,0,0,0,0,0,0,0,2009
MD,other and unallocable,6560,28415713,674,1349577,72584,6971,7234,29765290,2009
MA,total,85395,420487836,31768,48149496,1935062,96865,117163,468637332,2009
MA,financial administration,3965,20005956,302,1020054,20213,4088,4267,21026010,2009
MA,other government administration,1659,6384815,283,1361887,27532,1816,1942,7746702,2009
MA,judicial and legal,9802,48668267,433,1426497,39057,10038,10235,50094764,2009
MA,police protection - officers,5525,32936108,93,212701,4709,5554,5618,33148809,2009
MA,police protection - other,672,3240639,24,39170,2412,685,696,3279809,2009
MA,corrections,6189,30783635,55,170277,3387,6209,6244,30953912,2009
MA,highways,3538,19204751,151,513251,17691,3638,3689,19718002,2009
MA,air transportation,1012,6460558,0,0,0,1012,1012,6460558,2009
MA,water transport and terminals,160,1016593,0,0,0,160,160,1016593,2009
MA,public welfare,6897,32984283,589,1793925,35599,7111,7486,34778208,2009
MA,health,7040,29172401,908,2870654,92411,7597,7948,32043055,2009
MA,hospitals,6690,27297357,909,2585321,86818,7189,7599,29882678,2009
MA,social insurance administration,1334,5970469,56,216060,3571,1356,1390,6186529,2009
MA,solid waste management,0,0,0,0,0,0,0,0,2009
MA,sewerage,857,5048041,38,184769,2657,872,895,5232810,2009
MA,parks and recreation,613,2484548,77,87788,4492,639,690,2572336,2009
MA,housing and community development,0,0,0,0,0,0,0,0,2009
MA,natural resources,1019,5633033,139,455258,14977,1109,1158,6088291,2009
MA,water transport and terminals,514,2755961,17,84290,1353,521,531,2840251,2009
MA,electric power,0,0,0,0,0,0,0,0,2009
MA,gas supply,0,0,0,0,0,0,0,0,2009
MA,transit,0,0,0,0,0,0,0,0,2009
MA,education - elementary and secondary instructional,60,307366,2,3864,160,61,62,311230,2009
MA,education - elementary and secondary other,34,150656,13,6468,454,37,47,157124,2009
MA,education - higher education instructional,6140,37685948,10498,16510351,564804,9534,16638,54196299,2009
MA,education - higher education other,15384,67947324,16693,17034535,980138,21152,32077,84981859,2009
MA,education - other,1052,5843785,104,308426,5504,1086,1156,6152211,2009
MA,libraries,0,0,0,0,0,0,0,0,2009
MA,liquor stores,0,0,0,0,0,0,0,0,2009
MA,other and unallocable,5239,28505342,384,1263950,27123,5401,5623,29769292,2009
MI,total,116999,587657024,66132,79253529,4586876,142924,183131,666910553,2009
MI,financial administration,3815,20372995,307,994620,42138,4053,4122,21367615,2009
MI,other government administration,1515,6586301,27,91449,3018,1532,1542,6677750,2009
MI,judicial and legal,1453,9464238,63,239318,7111,1493,1516,9703556,2009
MI,police protection - officers,1804,8586725,0,0,0,1804,1804,8586725,2009
MI,police protection - other,868,2727648,69,96000,4051,891,937,2823648,2009
MI,corrections,15935,76367533,203,912042,28614,16097,16138,77279575,2009
MI,highways,2756,13850815,320,829066,38386,2973,3076,14679881,2009
MI,air transportation,0,0,0,0,0,0,0,0,2009
MI,water transport and terminals,0,0,0,0,0,0,0,0,2009
MI,public welfare,10037,45531583,806,3027014,136167,10807,10843,48558597,2009
MI,health,1735,8981765,207,499109,21269,1855,1942,9480874,2009
MI,hospitals,13701,64337674,6203,20800690,906075,18820,19904,85138364,2009
MI,social insurance administration,974,4650368,41,94104,4669,1000,1015,4744472,2009
MI,solid waste management,0,0,0,0,0,0,0,0,2009
MI,sewerage,0,0,0,0,0,0,0,0,2009
MI,parks and recreation,207,946157,101,322746,11431,272,308,1268903,2009
MI,housing and community development,0,0,0,0,0,0,0,0,2009
MI,natural resources,3561,17605454,1198,1569095,91131,4075,4759,19174549,2009
MI,water transport and terminals,0,0,0,0,0,0,0,0,2009
MI,electric power,0,0,0,0,0,0,0,0,2009
MI,gas supply,0,0,0,0,0,0,0,0,2009
MI,transit,0,0,0,0,0,0,0,0,2009
MI,education - elementary and secondary instructional,0,0,0,0,0,0,0,0,2009
MI,education - elementary and secondary other,0,0,0,0,0,0,0,0,2009
MI,education - higher education instructional,18263,133109754,8998,15865212,612292,21734,27261,148974966,2009
MI,education - higher education other,33954,144275955,47136,32832108,2632003,48823,81090,177108063,2009
MI,education - other,391,2129086,129,521623,20572,507,520,2650709,2009
MI,libraries,0,0,0,0,0,0,0,0,2009
MI,liquor stores,0,0,0,0,0,0,0,0,2009
MI,other and unallocable,6030,28132973,324,559333,27949,6188,6354,28692306,2009
MN,total,66788,352770325,29494,45986277,2433063,80536,96282,398756602,2009
MN,financial administration,2620,13056567,122,286684,20004,2733,2742,13343251,2009
MN,other government administration,969,4741292,227,487959,24793,1110,1196,5229251,2009
MN,judicial and legal,3121,16642950,433,1629317,60984,3467,3554,18272267,2009
MN,police protection - officers,566,3142627,0,0,0,566,566,3142627,2009
MN,police protection - other,439,1634164,48,97208,4864,466,487,1731372,2009
MN,corrections,4112,17843315,142,386538,18018,4214,4254,18229853,2009
MN,highways,4494,21770990,248,410146,21879,4618,4742,22181136,2009
MN,air transportation,0,0,0,0,0,0,0,0,2009
MN,water transport and terminals,0,0,0,0,0,0,0,0,2009
MN,public welfare,1738,8272370,1234,2997258,205795,2901,2972,11269628,2009
MN,health,2297,11848949,238,650520,26876,2449,2535,12499469,2009
MN,hospitals,3677,18008517,1449,3992057,254497,5115,5126,22000574,2009
MN,social insurance administration,1126,5165889,129,303754,13796,1204,1255,5469643,2009
MN,solid waste management,0,0,0,0,0,0,0,0,2009
MN,sewerage,640,3795467,10,28600,1016,646,650,3824067,2009
MN,parks and recreation,544,2548431,162,227304,13024,617,706,2775735,2009
MN,housing and community development,0,0,0,0,0,0,0,0,2009
MN,natural resources,2732,13363679,577,1120133,68211,3117,3309,14483812,2009
MN,water transport and terminals,0,0,0,0,0,0,0,0,2009
MN,electric power,0,0,0,0,0,0,0,0,2009
MN,gas supply,0,0,0,0,0,0,0,0,2009
MN,transit,2233,10438337,367,885726,49206,2511,2600,11324063,2009
MN,education - elementary and secondary instructional,0,0,0,0,0,0,0,0,2009
MN,education - elementary and secondary other,0,0,0,0,0,0,0,0,2009
MN,education - higher education instructional,10950,69668119,10289,16039566,636723,14547,21239,85707685,2009
MN,education - higher education other,17789,95545518,12446,13972953,896151,22851,30235,109518471,2009
MN,education - other,3358,18418414,1152,1998924,94574,3893,4510,20417338,2009
MN,libraries,0,0,0,0,0,0,0,0,2009
MN,liquor stores,0,0,0,0,0,0,0,0,2009
MN,other and unallocable,3383,16864730,221,471630,22652,3511,3604,17336360,2009
MS,total,52132,179867680,12970,13036883,998370,57773,65102,192904563,2009
MS,financial administration,1409,5098948,55,86426,6352,1445,1464,5185374,2009
MS,other government administration,480,1933657,87,103609,5990,514,567,2037266,2009
MS,judicial and legal,731,4160448,8,10522,314,732,739,4170970,2009
MS,police protection - officers,726,2738955,0,0,0,726,726,2738955,2009
MS,police protection - other,492,1161348,0,0,0,492,492,1161348,2009
MS,corrections,3666,9581498,5,9136,608,3669,3671,9590634,2009
MS,highways,3375,9847713,14,37352,2452,3389,3389,9885065,2009
MS,air transportation,0,0,0,0,0,0,0,0,2009
MS,water transport and terminals,40,175397,0,0,0,40,40,175397,2009
MS,public welfare,2695,7211456,0,0,0,2695,2695,7211456,2009
MS,health,3016,10022530,76,199863,8351,3062,3092,10222393,2009
MS,hospitals,11814,34205084,404,818291,39655,12038,12218,35023375,2009
MS,social insurance administration,739,2456045,268,648274,46515,1002,1007,3104319,2009
MS,solid waste management,0,0,0,0,0,0,0,0,2009
MS,sewerage,0,0,0,0,0,0,0,0,2009
MS,parks and recreation,390,932837,114,72698,8332,437,504,1005535,2009
MS,housing and community development,0,0,0,0,0,0,0,0,2009
MS,natural resources,2891,8972875,713,632072,51275,3180,3604,9604947,2009
MS,water transport and terminals,50,128996,9,11205,979,56,59,140201,2009
MS,electric power,0,0,0,0,0,0,0,0,2009
MS,gas supply,0,0,0,0,0,0,0,0,2009
MS,transit,0,0,0,0,0,0,0,0,2009
MS,education - elementary and secondary instructional,0,0,0,0,0,0,0,0,2009
MS,education - elementary and secondary other,0,0,0,0,0,0,0,0,2009
MS,education - higher education instructional,5762,32013355,1522,2282796,109052,6378,7284,34296151,2009
MS,education - higher education other,9313,34509512,9171,7342882,651845,12997,18484,41852394,2009
MS,education - other,1602,5174659,31,49083,2874,1618,1633,5223742,2009
MS,libraries,0,0,0,0,0,0,0,0,2009
MS,liquor stores,120,325996,0,0,0,120,120,325996,2009
MS,other and unallocable,2821,9216371,493,732674,63776,3183,3314,9949045,2009
MO,total,79997,271796344,26073,24187994,1786079,90092,106070,295984338,2009
MO,financial administration,3129,11006821,242,306109,24423,3266,3371,11312930,2009
MO,other government administration,785,2661104,292,651028,32454,967,1077,3312132,2009
MO,judicial and legal,3161,9741367,283,416238,38856,3381,3444,10157605,2009
MO,police protection - officers,1167,5573324,0,0,0,1167,1167,5573324,2009
MO,police protection - other,1098,3335080,187,370012,29920,1267,1285,3705092,2009
MO,corrections,12681,32758592,273,232338,17996,12782,12954,32990930,2009
MO,highways,6166,21552778,357,297932,18844,6272,6523,21850710,2009
MO,air transportation,0,0,0,0,0,0,0,0,2009
MO,water transport and terminals,0,0,0,0,0,0,0,0,2009
MO,public welfare,7893,20385130,473,433182,28342,8054,8366,20818312,2009
MO,health,2742,7712528,266,360589,19103,2849,3008,8073117,2009
MO,hospitals,10956,32713838,1323,1906607,119394,11631,12279,34620445,2009
MO,social insurance administration,456,1504196,56,95552,4848,483,512,1599748,2009
MO,solid waste management,0,0,0,0,0,0,0,0,2009
MO,sewerage,0,0,0,0,0,0,0,0,2009
MO,parks and recreation,581,1683328,244,135963,13257,656,825,1819291,2009
MO,housing and community development,0,0,0,0,0,0,0,0,2009
MO,natural resources,2598,8635028,541,514618,51359,2888,3139,9149646,2009
MO,water transport and terminals,0,0,0,0,0,0,0,0,2009
MO,electric power,0,0,0,0,0,0,0,0,2009
MO,gas supply,0,0,0,0,0,0,0,0,2009
MO,transit,0,0,0,0,0,0,0,0,2009
MO,education - elementary and secondary instructional,0,0,0,0,0,0,0,0,2009
MO,education - elementary and secondary other,0,0,0,0,0,0,0,0,2009
MO,education - higher education instructional,8020,46916514,7360,9107125,492549,10803,15380,56023639,2009
MO,education - higher education other,13469,48788400,12751,7106303,758236,17761,26220,55894703,2009
MO,education - other,1075,3638502,1185,2012642,120328,1755,2260,5651144,2009
MO,libraries,0,0,0,0,0,0,0,0,2009
MO,liquor stores,0,0,0,0,0,0,0,0,2009
MO,other and unallocable,4020,13189814,240,241756,16170,4110,4260,13431570,2009
MT,total,17149,67719854,9211,9370262,609048,20590,26360,77090116,2009
MT,financial administration,969,3561880,83,138849,8949,1021,1052,3700729,2009
MT,other government administration,545,2056649,147,242805,16923,641,692,2299454,2009
MT,judicial and legal,640,2755338,127,304758,11229,704,767,3060096,2009
MT,police protection - officers,225,660526,4,9560,434,227,229,670086,2009
MT,police protection - other,249,882800,15,26453,1283,257,264,909253,2009
MT,corrections,1209,4175695,121,259968,14754,1292,1330,4435663,2009
MT,highways,2070,8999376,216,304724,15567,2158,2286,9304100,2009
MT,air transportation,0,0,0,0,0,0,0,0,2009
MT,water transport and terminals,0,0,0,0,0,0,0,0,2009
MT,public welfare,1578,5551690,238,412196,25495,1721,1816,5963886,2009
MT,health,855,3307862,110,222967,10441,913,965,3530829,2009
MT,hospitals,510,1765056,128,213481,12983,583,638,1978537,2009
MT,social insurance administration,699,2856492,51,91629,4455,724,750,2948121,2009
MT,solid waste management,0,0,0,0,0,0,0,0,2009
MT,sewerage,0,0,0,0,0,0,0,0,2009
MT,parks and recreation,76,272982,28,21086,1125,82,104,294068,2009
MT,housing and community development,0,0,0,0,0,0,0,0,2009
MT,natural resources,1390,5517304,287,357891,23709,1525,1677,5875195,2009
MT,water transport and terminals,0,0,0,0,0,0,0,0,2009
MT,electric power,0,0,0,0,0,0,0,0,2009
MT,gas supply,0,0,0,0,0,0,0,0,2009
MT,transit,0,0,0,0,0,0,0,0,2009
MT,education - elementary and secondary instructional,0,0,0,0,0,0,0,0,2009
MT,education - elementary and secondary other,0,0,0,0,0,0,0,0,2009
MT,education - higher education instructional,1360,7885531,1425,2178618,105033,1953,2785,10064149,2009
MT,education - higher education other,3344,11480098,5962,4168837,333677,5230,9306,15648935,2009
MT,education - other,317,1309915,141,202355,12675,388,458,1512270,2009
MT,libraries,0,0,0,0,0,0,0,0,2009
MT,liquor stores,27,98598,2,3279,255,28,29,101877,2009
MT,other and unallocable,1086,4582062,126,210806,10061,1143,1212,4792868,2009
NE,total,27055,104651385,10608,10834880,934352,32333,37663,115486265,2009
NE,financial administration,747,2655749,17,27525,1469,756,764,2683274,2009
NE,other government administration,279,1182976,103,103712,6677,317,382,1286688,2009
NE,judicial and legal,716,3371433,43,22505,2087,728,759,3393938,2009
NE,police protection - officers,492,2469990,0,0,0,492,492,2469990,2009
NE,police protection - other,273,914573,7,11956,956,278,280,926529,2009
NE,corrections,2923,9050828,88,102748,7795,2967,3011,9153576,2009
NE,highways,2121,7785834,11,23807,1169,2128,2132,7809641,2009
NE,air transportation,26,108592,0,0,0,26,26,108592,2009
NE,water transport and terminals,0,0,0,0,0,0,0,0,2009
NE,public welfare,2454,7074560,245,342940,21571,2576,2699,7417500,2009
NE,health,671,2708716,65,136971,8554,719,736,2845687,2009
NE,hospitals,3268,11720283,830,1670076,113287,3908,4098,13390359,2009
NE,social insurance administration,254,936127,5,7757,451,256,259,943884,2009
NE,solid waste management,0,0,0,0,0,0,0,0,2009
NE,sewerage,0,0,0,0,0,0,0,0,2009
NE,parks and recreation,236,743638,144,134284,15567,324,380,877922,2009
NE,housing and community development,0,0,0,0,0,0,0,0,2009
NE,natural resources,1581,5560474,763,1401307,104336,2170,2344,6961781,2009
NE,water transport and terminals,0,0,0,0,0,0,0,0,2009
NE,electric power,0,0,0,0,0,0,0,0,2009
NE,gas supply,0,0,0,0,0,0,0,0,2009
NE,transit,0,0,0,0,0,0,0,0,2009
NE,education - elementary and secondary instructional,0,0,0,0,0,0,0,0,2009
NE,education - elementary and secondary other,0,0,0,0,0,0,0,0,2009
NE,education - higher education instructional,2788,18052816,1114,1944373,92595,3311,3902,19997189,2009
NE,education - higher education other,6002,21427956,6906,4720625,545934,9086,12908,26148581,2009
NE,education - other,545,2260150,30,41492,2527,560,575,2301642,2009
NE,libraries,0,0,0,0,0,0,0,0,2009
NE,liquor stores,0,0,0,0,0,0,0,0,2009
NE,other and unallocable,1679,6626690,237,142802,9377,1731,1916,6769492,2009
NV,total,25521,128022935,10437,11416102,707835,29517,35958,139439037,2009
NV,financial administration,1398,5830424,23,37647,1103,1404,1421,5868071,2009
NV,other government administration,1258,6538629,29,58715,2884,1275,1287,6597344,2009
NV,judicial and legal,684,4601004,20,45720,755,688,704,4646724,2009
NV,police protection - officers,428,2761319,0,0,0,428,428,2761319,2009
NV,police protection - other,380,1863273,0,0,0,380,380,1863273,2009
NV,corrections,3661,17917905,51,154106,2874,3677,3712,18072011,2009
NV,highways,1775,8597436,6,9713,666,1779,1781,8607149,2009
NV,air transportation,0,0,0,0,0,0,0,0,2009
NV,water transport and terminals,0,0,0,0,0,0,0,0,2009
NV,public welfare,1549,6393157,13,23532,822,1553,1562,6416689,2009
NV,health,1287,6071444,36,104257,2430,1300,1323,6175701,2009
NV,hospitals,1313,6729916,139,551665,17307,1411,1452,7281581,2009
NV,social insurance administration,555,2391372,2,2402,89,556,557,2393774,2009
NV,solid waste management,0,0,0,0,0,0,0,0,2009
NV,sewerage,0,0,0,0,0,0,0,0,2009
NV,parks and recreation,190,787356,8,17004,571,193,198,804360,2009
NV,housing and community development,0,0,0,0,0,0,0,0,2009
NV,natural resources,906,4363531,121,163471,9286,958,1027,4527002,2009
NV,water transport and terminals,18,113485,0,0,0,18,18,113485,2009
NV,electric power,18,113485,0,0,0,18,18,113485,2009
NV,gas supply,0,0,0,0,0,0,0,0,2009
NV,transit,0,0,0,0,0,0,0,0,2009
NV,education - elementary and secondary instructional,0,0,0,0,0,0,0,0,2009
NV,education - elementary and secondary other,0,0,0,0,0,0,0,0,2009
NV,education - higher education instructional,2352,15290855,3906,3948532,180001,3369,6258,19239387,2009
NV,education - higher education other,5335,25488284,6005,6132998,483690,8067,11340,31621282,2009
NV,education - other,134,716871,3,5440,139,135,137,722311,2009
NV,libraries,0,0,0,0,0,0,0,0,2009
NV,liquor stores,0,0,0,0,0,0,0,0,2009
NV,other and unallocable,2280,11453189,75,160900,5218,2308,2355,11614089,2009
NH,total,16157,71945809,9420,10837413,571026,19591,25577,82783222,2009
NH,financial administration,886,3875137,48,61817,4004,908,934,3936954,2009
NH,other government administration,331,1395862,109,126253,9410,386,440,1522115,2009
NH,judicial and legal,987,3958012,7,18385,786,992,994,3976397,2009
NH,police protection - officers,330,1865536,0,0,0,330,330,1865536,2009
NH,police protection - other,169,653132,25,29276,2238,182,194,682408,2009
NH,corrections,1295,5900666,64,108845,6614,1335,1359,6009511,2009
NH,highways,1633,6590664,272,357322,23924,1777,1905,6947986,2009
NH,air transportation,24,104209,0,0,0,24,24,104209,2009
NH,water transport and terminals,6,26688,0,0,0,6,6,26688,2009
NH,public welfare,1562,5634221,125,201214,10191,1623,1687,5835435,2009
NH,health,925,4004298,79,95630,6890,966,1004,4099928,2009
NH,hospitals,761,2763099,79,136283,1691,771,840,2899382,2009
NH,social insurance administration,315,1087880,31,46166,2539,330,346,1134046,2009
NH,solid waste management,0,0,0,0,0,0,0,0,2009
NH,sewerage,0,0,0,0,0,0,0,0,2009
NH,parks and recreation,83,280893,219,163422,17570,189,302,444315,2009
NH,housing and community development,0,0,0,0,0,0,0,0,2009
NH,natural resources,338,1645532,64,76727,5352,370,402,1722259,2009
NH,water transport and terminals,27,123047,2,4915,182,28,29,127962,2009
NH,electric power,0,0,0,0,0,0,0,0,2009
NH,gas supply,0,0,0,0,0,0,0,0,2009
NH,transit,0,0,0,0,0,0,0,0,2009
NH,education - elementary and secondary instructional,0,0,0,0,0,0,0,0,2009
NH,education - elementary and secondary other,0,0,0,0,0,0,0,0,2009
NH,education - higher education instructional,1457,10710971,2359,4564154,146059,2338,3816,15275125,2009
NH,education - higher education other,2625,11857203,5101,4102354,266611,4230,7726,15959557,2009
NH,education - other,306,1219916,14,21870,1328,314,320,1241786,2009
NH,libraries,0,0,0,0,0,0,0,0,2009
NH,liquor stores,305,1090309,457,323142,37437,531,762,1413451,2009
NH,other and unallocable,1792,7158534,365,399638,28200,1961,2157,7558172,2009
NJ,total,140260,797520531,39806,53080032,2273748,154106,180066,850600563,2009
NJ,financial administration,5684,27395396,615,1130041,71683,6089,6299,28525437,2009
NJ,other government administration,1239,7103033,25,41221,1941,1250,1264,7144254,2009
NJ,judicial and legal,13886,78685338,183,305892,17368,13984,14069,78991230,2009
NJ,police protection - officers,2866,23584298,0,0,0,2866,2866,23584298,2009
NJ,police protection - other,1603,6671156,40,10877,405,1605,1643,6682033,2009
NJ,corrections,9937,55028897,15,28707,1049,9943,9952,55057604,2009
NJ,highways,6390,34999852,935,1304571,85245,6871,7325,36304423,2009
NJ,air transportation,0,0,0,0,0,0,0,0,2009
NJ,water transport and terminals,88,442355,0,0,0,88,88,442355,2009
NJ,public welfare,8923,44892731,232,402975,20127,9036,9155,45295706,2009
NJ,health,4345,24685250,624,1826249,27082,4507,4969,26511499,2009
NJ,hospitals,16869,74647463,2612,5147891,269486,18398,19481,79795354,2009
NJ,social insurance administration,1706,7970763,225,562057,29216,1871,1931,8532820,2009
NJ,solid waste management,571,3766583,0,0,0,571,571,3766583,2009
NJ,sewerage,0,0,0,0,0,0,0,0,2009
NJ,parks and recreation,1247,6351029,1683,2870543,158234,2194,2930,9221572,2009
NJ,housing and community development,0,0,0,0,0,0,0,0,2009
NJ,natural resources,2045,11415501,458,672703,24585,2191,2503,12088204,2009
NJ,water transport and terminals,121,613417,1,295,16,121,122,613712,2009
NJ,electric power,0,0,0,0,0,0,0,0,2009
NJ,gas supply,0,0,0,0,0,0,0,0,2009
NJ,transit,10014,56641134,827,1559686,84161,10489,10841,58200820,2009
NJ,education - elementary and secondary instructional,12564,86348931,2930,5301118,147733,13565,15494,91650049,2009
NJ,education - elementary and secondary other,4433,18633329,2630,3014349,137487,5354,7063,21647678,2009
NJ,education - higher education instructional,7661,78382939,7885,14930576,306764,9566,15546,93313515,2009
NJ,education - higher education other,18794,95647449,17242,13122784,835109,23955,36036,108770233,2009
NJ,education - other,2683,15123511,514,636803,44943,2937,3197,15760314,2009
NJ,libraries,0,0,0,0,0,0,0,0,2009
NJ,liquor stores,0,0,0,0,0,0,0,0,2009
NJ,other and unallocable,6591,38490176,130,210694,11114,6655,6721,38700870,2009
NM,total,42785,168478054,13979,14819963,1034554,48680,56764,183298017,2009
NM,financial administration,1321,5634972,10,11748,921,1327,1331,5646720,2009
NM,other government administration,232,1222595,6,9943,459,235,238,1232538,2009
NM,judicial and legal,3241,13575862,155,250650,13851,3322,3396,13826512,2009
NM,police protection - officers,575,2852746,0,0,0,575,575,2852746,2009
NM,police protection - other,159,1301577,0,0,0,159,159,1301577,2009
NM,corrections,4098,14883500,47,102827,6128,4133,4145,14986327,2009
NM,highways,2571,9150947,0,0,0,2571,2571,9150947,2009
NM,air transportation,10,44448,0,0,0,10,10,44448,2009
NM,water transport and terminals,0,0,0,0,0,0,0,0,2009
NM,public welfare,1896,6449670,2,1731,224,1897,1898,6451401,2009
NM,health,2396,10269254,55,125797,5274,2426,2451,10395051,2009
NM,hospitals,6754,27198877,881,1916948,112123,7428,7635,29115825,2009
NM,social insurance administration,224,785587,13,17860,1419,233,237,803447,2009
NM,solid waste management,0,0,0,0,0,0,0,0,2009
NM,sewerage,0,0,0,0,0,0,0,0,2009
NM,parks and recreation,739,2452085,30,58689,3565,759,769,2510774,2009
NM,housing and community development,0,0,0,0,0,0,0,0,2009
NM,natural resources,1193,4965927,37,55138,4126,1216,1230,5021065,2009
NM,water transport and terminals,0,0,0,0,0,0,0,0,2009
NM,electric power,0,0,0,0,0,0,0,0,2009
NM,gas supply,0,0,0,0,0,0,0,0,2009
NM,transit,0,0,0,0,0,0,0,0,2009
NM,education - elementary and secondary instructional,0,0,0,0,0,0,0,0,2009
NM,education - elementary and secondary other,0,0,0,0,0,0,0,0,2009
NM,education - higher education instructional,3455,15599229,3692,5088310,209921,4641,7147,20687539,2009
NM,education - higher education other,10961,40384621,8980,7072432,669297,14744,19941,47457053,2009
NM,education - other,995,3957823,55,83759,5894,1030,1050,4041582,2009
NM,libraries,0,0,0,0,0,0,0,0,2009
NM,liquor stores,0,0,0,0,0,0,0,0,2009
NM,other and unallocable,1965,7748334,16,24131,1352,1974,1981,7772465,2009
NY,total,240775,1271750617,52649,69989992,2862266,257490,293424,1341740609,2009
NY,financial administration,12546,60334083,173,379844,14475,12629,12719,60713927,2009
NY,other government administration,4114,19325883,557,678527,41951,4351,4671,20004410,2009
NY,judicial and legal,21805,134110422,688,2313685,85819,22290,22493,136424107,2009
NY,police protection - officers,4930,40200081,0,0,0,4930,4930,40200081,2009
NY,police protection - other,1717,7050725,149,207580,16736,1811,1866,7258305,2009
NY,corrections,33457,166210526,472,1392287,48808,33739,33929,167602813,2009
NY,highways,12254,60109315,997,1193068,76395,12686,13251,61302383,2009
NY,air transportation,182,700716,1,2834,71,182,183,703550,2009
NY,water transport and terminals,752,4046223,16,41118,1501,761,768,4087341,2009
NY,public welfare,5007,22876556,490,1099251,57382,5331,5497,23975807,2009
NY,health,9862,54017984,428,1348496,46296,10124,10290,55366480,2009
NY,hospitals,43159,204959713,5405,14003482,511534,46056,48564,218963195,2009
NY,social insurance administration,7294,35907312,95,290470,12441,7364,7389,36197782,2009
NY,solid waste management,0,0,0,0,0,0,0,0,2009
NY,sewerage,0,0,0,0,0,0,0,0,2009
NY,parks and recreation,1895,11040700,999,2052338,112033,2528,2894,13093038,2009
NY,housing and community development,0,0,0,0,0,0,0,0,2009
NY,natural resources,3464,17914160,86,153504,5966,3498,3550,18067664,2009
NY,water transport and terminals,0,0,0,0,0,0,0,0,2009
NY,electric power,1658,12930413,52,161828,5019,1686,1710,13092241,2009
NY,gas supply,0,0,0,0,0,0,0,0,2009
NY,transit,16275,108496430,230,474755,30961,16449,16505,108971185,2009
NY,education - elementary and secondary instructional,0,0,0,0,0,0,0,0,2009
NY,education - elementary and secondary other,0,0,0,0,0,0,0,0,2009
NY,education - higher education instructional,16187,105401909,19308,23371065,673806,20213,35495,128772974,2009
NY,education - higher education other,26546,114280245,22049,19744687,1078311,32949,48595,134024932,2009
NY,education - other,4573,21960621,176,382262,16922,4669,4749,22342883,2009
NY,libraries,0,0,0,0,0,0,0,0,2009
NY,liquor stores,0,0,0,0,0,0,0,0,2009
NY,other and unallocable,13098,69876600,278,698911,25839,13244,13376,70575511,2009
NC,total,129607,522595781,45017,57915049,3236794,147895,174624,580510830,2009
NC,financial administration,3178,13301311,48,126289,4715,3205,3226,13427600,2009
NC,other government administration,751,4054640,415,778285,40071,977,1166,4832925,2009
NC,judicial and legal,7224,31083822,42,87084,6707,7262,7266,31170906,2009
NC,police protection - officers,2316,10714516,0,0,0,2316,2316,10714516,2009
NC,police protection - other,1005,3401032,13,30264,1107,1011,1018,3431296,2009
NC,corrections,22085,69724233,544,1450360,57558,22410,22629,71174593,2009
NC,highways,10968,35105342,18,26734,1474,10976,10986,35132076,2009
NC,air transportation,0,0,0,0,0,0,0,0,2009
NC,water transport and terminals,263,1170692,2,2444,100,264,265,1173136,2009
NC,public welfare,1642,6506615,9,44424,720,1646,1651,6551039,2009
NC,health,5084,21167642,141,306757,15204,5169,5225,21474399,2009
NC,hospitals,17773,66194477,2708,11066197,394320,20001,20481,77260674,2009
NC,social insurance administration,2055,8129097,188,357302,22580,2183,2243,8486399,2009
NC,solid waste management,356,1455145,0,0,0,356,356,1455145,2009
NC,sewerage,0,0,0,0,0,0,0,0,2009
NC,parks and recreation,1108,3599700,288,198824,20056,1221,1396,3798524,2009
NC,housing and community development,0,0,0,0,0,0,0,0,2009
NC,natural resources,4197,15659622,573,912034,41438,4431,4770,16571656,2009
NC,water transport and terminals,0,0,0,0,0,0,0,0,2009
NC,electric power,0,0,0,0,0,0,0,0,2009
NC,gas supply,0,0,0,0,0,0,0,0,2009
NC,transit,0,0,0,0,0,0,0,0,2009
NC,education - elementary and secondary instructional,0,0,0,0,0,0,0,0,2009
NC,education - elementary and secondary other,0,0,0,0,0,0,0,0,2009
NC,education - higher education instructional,14434,96968034,13869,19821379,770613,18788,28303,116789413,2009
NC,education - higher education other,29444,110350921,25812,22018293,1831367,39790,55256,132369214,2009
NC,education - other,1540,7651573,75,248450,4646,1567,1615,7900023,2009
NC,libraries,0,0,0,0,0,0,0,0,2009
NC,liquor stores,0,0,0,0,0,0,0,0,2009
NC,other and unallocable,4184,16357367,272,439929,24118,4322,4456,16797296,2009
ND,total,15297,60458284,8402,7274805,420267,17667,23699,67733089,2009
ND,financial administration,648,2248336,38,38101,2081,660,686,2286437,2009
ND,other government administration,204,728892,234,879370,26045,350,438,1608262,2009
ND,judicial and legal,531,2312656,44,22960,1668,541,575,2335616,2009
ND,police protection - officers,137,722171,0,0,0,137,137,722171,2009
ND,police protection - other,49,150196,3,4186,326,51,52,154382,2009
ND,corrections,703,2183449,81,138607,6141,738,784,2322056,2009
ND,highways,1108,4436914,8,8408,555,1111,1116,4445322,2009
ND,air transportation,0,0,0,0,0,0,0,0,2009
ND,water transport and terminals,0,0,0,0,0,0,0,0,2009
ND,public welfare,432,1333094,113,153000,10886,493,545,1486094,2009
ND,health,1247,4169810,257,265795,19685,1358,1504,4435605,2009
ND,hospitals,855,2288405,154,200860,7672,898,1009,2489265,2009
ND,social insurance administration,340,1166602,113,94433,4058,363,453,1261035,2009
ND,solid waste management,0,0,0,0,0,0,0,0,2009
ND,sewerage,0,0,0,0,0,0,0,0,2009
ND,parks and recreation,151,385072,14,17651,1386,158,165,402723,2009
ND,housing and community development,0,0,0,0,0,0,0,0,2009
ND,natural resources,581,2251653,25,14330,883,586,606,2265983,2009
ND,water transport and terminals,0,0,0,0,0,0,0,0,2009
ND,electric power,0,0,0,0,0,0,0,0,2009
ND,gas supply,0,0,0,0,0,0,0,0,2009
ND,transit,0,0,0,0,0,0,0,0,2009
ND,education - elementary and secondary instructional,0,0,0,0,0,0,0,0,2009
ND,education - elementary and secondary other,0,0,0,0,0,0,0,0,2009
ND,education - higher education instructional,2092,13365420,2257,2854190,137374,2867,4349,16219610,2009
ND,education - higher education other,4541,15549320,4867,2379674,189818,5614,9408,17928994,2009
ND,education - other,288,939995,35,61303,1981,299,323,1001298,2009
ND,libraries,0,0,0,0,0,0,0,0,2009
ND,liquor stores,0,0,0,0,0,0,0,0,2009
ND,other and unallocable,1390,6226299,159,141937,9708,1443,1549,6368236,2009
OH,total,116726,572246137,71950,72640623,4633053,142945,188676,644886760,2009
OH,financial administration,7561,39111027,537,724120,38135,7779,8098,39835147,2009
OH,other government administration,910,4243864,109,77231,7504,953,1019,4321095,2009
OH,judicial and legal,2690,15624397,606,1423042,42065,2928,3296,17047439,2009
OH,police protection - officers,1434,8292827,0,0,0,1434,1434,8292827,2009
OH,police protection - other,1173,4870390,5,8280,414,1175,1178,4878670,2009
OH,corrections,16009,68405986,80,139834,6290,16045,16089,68545820,2009
OH,highways,6743,30288873,446,664831,38145,6958,7189,30953704,2009
OH,air transportation,0,0,0,0,0,0,0,0,2009
OH,water transport and terminals,0,0,0,0,0,0,0,0,2009
OH,public welfare,2618,14716743,254,454808,28144,2777,2872,15171551,2009
OH,health,3427,18719252,298,581958,24563,3566,3725,19301210,2009
OH,hospitals,14231,66465729,3074,6357038,231348,15538,17305,72822767,2009
OH,social insurance administration,2011,9048084,279,575906,30296,2183,2290,9623990,2009
OH,solid waste management,0,0,0,0,0,0,0,0,2009
OH,sewerage,0,0,0,0,0,0,0,0,2009
OH,parks and recreation,465,1977425,189,317468,19601,576,654,2294893,2009
OH,housing and community development,0,0,0,0,0,0,0,0,2009
OH,natural resources,2726,11262680,216,286748,16011,2817,2942,11549428,2009
OH,water transport and terminals,0,0,0,0,0,0,0,0,2009
OH,electric power,0,0,0,0,0,0,0,0,2009
OH,gas supply,0,0,0,0,0,0,0,0,2009
OH,transit,0,0,0,0,0,0,0,0,2009
OH,education - elementary and secondary instructional,0,0,0,0,0,0,0,0,2009
OH,education - elementary and secondary other,0,0,0,0,0,0,0,0,2009
OH,education - higher education instructional,15779,112461917,19566,24573171,1192299,22537,35345,137035088,2009
OH,education - higher education other,32139,131742164,45328,35261316,2905826,48573,77467,167003480,2009
OH,education - other,2352,11805292,352,582484,23340,2484,2704,12387776,2009
OH,libraries,0,0,0,0,0,0,0,0,2009
OH,liquor stores,0,0,0,0,0,0,0,0,2009
OH,other and unallocable,4458,23209487,611,612388,29072,4622,5069,23821875,2009
OK,total,63551,239872978,26691,24897342,1528226,72198,90242,264770320,2009
OK,financial administration,1666,6169681,32,39242,2127,1678,1698,6208923,2009
OK,other government administration,779,2962208,153,243791,16837,874,932,3205999,2009
OK,judicial and legal,2905,12737663,138,179889,10055,2962,3043,12917552,2009
OK,police protection - officers,1018,5084972,7,9765,576,1021,1025,5094737,2009
OK,police protection - other,947,3194805,73,58787,5244,976,1020,3253592,2009
OK,corrections,5791,18661928,75,187472,9013,5842,5866,18849400,2009
OK,highways,3068,10131487,1,1343,89,3069,3069,10132830,2009
OK,air transportation,11,49515,0,0,0,11,11,49515,2009
OK,water transport and terminals,0,0,0,0,0,0,0,0,2009
OK,public welfare,7113,20302554,24,42404,2455,7127,7137,20344958,2009
OK,health,5704,19999610,312,672355,30244,5874,6016,20671965,2009
OK,hospitals,2911,8719784,85,148728,10199,2968,2996,8868512,2009
OK,social insurance administration,1332,4471971,69,110669,6452,1368,1401,4582640,2009
OK,solid waste management,79,329745,16,19091,1579,88,95,348836,2009
OK,sewerage,0,0,0,0,0,0,0,0,2009
OK,parks and recreation,719,1907219,293,245703,26998,872,1012,2152922,2009
OK,housing and community development,0,0,0,0,0,0,0,0,2009
OK,natural resources,1727,6030615,883,722189,47748,1997,2610,6752804,2009
OK,water transport and terminals,0,0,0,0,0,0,0,0,2009
OK,electric power,559,3070338,5,5314,214,561,564,3075652,2009
OK,gas supply,0,0,0,0,0,0,0,0,2009
OK,transit,0,0,0,0,0,0,0,0,2009
OK,education - elementary and secondary instructional,0,0,0,0,0,0,0,0,2009
OK,education - elementary and secondary other,0,0,0,0,0,0,0,0,2009
OK,education - higher education instructional,6523,41659394,6832,9174400,356268,8540,13355,50833794,2009
OK,education - higher education other,16267,57880511,17527,12808698,988554,21865,33794,70689209,2009
OK,education - other,1959,7217341,63,71380,4515,1984,2022,7288721,2009
OK,libraries,0,0,0,0,0,0,0,0,2009
OK,liquor stores,0,0,0,0,0,0,0,0,2009
OK,other and unallocable,2473,9291637,103,156122,9059,2521,2576,9447759,2009
OR,total,55915,252977897,24859,29310087,1268792,63086,80774,282287984,2009
OR,financial administration,4104,17315494,234,419470,26640,4255,4338,17734964,2009
OR,other government administration,1119,4951186,206,403590,17271,1217,1325,5354776,2009
OR,judicial and legal,3121,13543430,264,701178,28802,3285,3385,14244608,2009
OR,police protection - officers,720,3835133,9,11845,626,724,729,3846978,2009
OR,police protection - other,610,2518593,175,168638,6963,650,785,2687231,2009
OR,corrections,5403,22433265,138,440691,18673,5509,5541,22873956,2009
OR,highways,3623,16258820,205,837852,31648,3802,3828,17096672,2009
OR,air transportation,19,71536,0,0,0,19,19,71536,2009
OR,water transport and terminals,0,0,0,0,0,0,0,0,2009
OR,public welfare,6305,25084582,302,594090,24365,6442,6607,25678672,2009
OR,health,1309,5767906,151,367942,13528,1385,1460,6135848,2009
OR,hospitals,4369,17579159,3048,5614009,124640,5073,7417,23193168,2009
OR,social insurance administration,2135,10868150,117,369903,12037,2203,2252,11238053,2009
OR,solid waste management,0,0,0,0,0,0,0,0,2009
OR,sewerage,0,0,0,0,0,0,0,0,2009
OR,parks and recreation,436,1659238,21,34625,2117,448,457,1693863,2009
OR,housing and community development,0,0,0,0,0,0,0,0,2009
OR,natural resources,2352,9699675,324,445176,25727,2497,2676,10144851,2009
OR,water transport and terminals,0,0,0,0,0,0,0,0,2009
OR,electric power,0,0,0,0,0,0,0,0,2009
OR,gas supply,0,0,0,0,0,0,0,0,2009
OR,transit,0,0,0,0,0,0,0,0,2009
OR,education - elementary and secondary instructional,0,0,0,0,0,0,0,0,2009
OR,education - elementary and secondary other,0,0,0,0,0,0,0,0,2009
OR,education - higher education instructional,10050,60108877,3350,6080941,164323,10978,13400,66189818,2009
OR,education - higher education other,7729,30390192,16025,12465245,753710,11988,23754,42855437,2009
OR,education - other,698,3086825,75,107561,6545,736,773,3194386,2009
OR,libraries,0,0,0,0,0,0,0,0,2009
OR,liquor stores,232,889554,17,20648,1140,238,249,910202,2009
OR,other and unallocable,1581,6916282,198,226683,10037,1637,1779,7142965,2009
PA,total,144751,629380465,67199,111455039,4722032,172622,211950,740835504,2009
PA,financial administration,7251,30113200,1527,3164190,191334,8403,8778,33277390,2009
PA,other government administration,3053,12476405,588,2413509,65525,3431,3641,14889914,2009
PA,judicial and legal,3065,16002344,28,100615,4023,3089,3093,16102959,2009
PA,police protection - officers,5091,27593447,8,16175,609,5095,5099,27609622,2009
PA,police protection - other,1341,7277066,375,979706,35964,1558,1716,8256772,2009
PA,corrections,17965,73304293,1243,3952317,110653,18632,19208,77256610,2009
PA,highways,12621,46028243,3928,8287830,380396,14903,16549,54316073,2009
PA,air transportation,40,180124,42,87484,2500,55,82,267608,2009
PA,water transport and terminals,178,786568,48,5402,472,181,226,791970,2009
PA,public welfare,11675,43014436,1743,3580452,115735,12371,13418,46594888,2009
PA,health,1842,8228355,370,632097,16931,1944,2212,8860452,2009
PA,hospitals,11340,37402115,1719,2725805,100448,11939,13059,40127920,2009
PA,social insurance administration,3733,14648369,1913,4386864,202718,4954,5646,19035233,2009
PA,solid waste management,0,0,0,0,0,0,0,0,2009
PA,sewerage,0,0,0,0,0,0,0,0,2009
PA,parks and recreation,1714,6820970,1983,4496770,174182,2764,3697,11317740,2009
PA,housing and community development,0,0,0,0,0,0,0,0,2009
PA,natural resources,5622,24789486,2927,5409820,239363,7030,8549,30199306,2009
PA,water transport and terminals,0,0,0,0,0,0,0,0,2009
PA,electric power,0,0,0,0,0,0,0,0,2009
PA,gas supply,0,0,0,0,0,0,0,0,2009
PA,transit,0,0,0,0,0,0,0,0,2009
PA,education - elementary and secondary instructional,0,0,0,0,0,0,0,0,2009
PA,education - elementary and secondary other,0,0,0,0,0,0,0,0,2009
PA,education - higher education instructional,14588,111257474,11630,31778420,668573,18419,26218,143035894,2009
PA,education - higher education other,30193,115682807,32833,31424086,2017300,42039,63026,147106893,2009
PA,education - other,3969,16264287,855,1888327,60543,4329,4824,18152614,2009
PA,libraries,0,0,0,0,0,0,0,0,2009
PA,liquor stores,3060,9934256,2241,4187281,238999,4500,5301,14121537,2009
PA,other and unallocable,6410,27576220,1198,1937889,95764,6986,7608,29514109,2009
RI,total,17700,91758375,6783,6572216,306825,19669,24483,98330591,2009
RI,financial administration,831,3979984,12,22583,871,837,843,4002567,2009
RI,other government administration,597,2795208,478,295379,7313,643,1075,3090587,2009
RI,judicial and legal,1164,6202784,14,31180,1187,1172,1178,6233964,2009
RI,police protection - officers,279,1779768,135,117926,3195,300,414,1897694,2009
RI,police protection - other,83,406296,2,4461,208,84,85,410757,2009
RI,corrections,1620,9128333,1,4523,77,1620,1621,9132856,2009
RI,highways,674,3548315,35,52255,3655,695,709,3600570,2009
RI,air transportation,174,1233444,2,6843,248,175,176,1240287,2009
RI,water transport and terminals,0,0,0,0,0,0,0,0,2009
RI,public welfare,1228,6272080,40,121340,5708,1265,1268,6393420,2009
RI,health,1102,5643424,80,49729,2615,1119,1182,5693153,2009
RI,hospitals,1045,4955381,3,10616,323,1047,1048,4965997,2009
RI,social insurance administration,359,1790418,65,243407,9485,420,424,2033825,2009
RI,solid waste management,119,726772,0,0,0,119,119,726772,2009
RI,sewerage,243,1087129,0,0,0,243,243,1087129,2009
RI,parks and recreation,55,188188,0,0,0,55,55,188188,2009
RI,housing and community development,0,0,0,0,0,0,0,0,2009
RI,natural resources,407,2106707,29,44391,1778,418,436,2151098,2009
RI,water transport and terminals,0,0,0,0,0,0,0,0,2009
RI,electric power,0,0,0,0,0,0,0,0,2009
RI,gas supply,0,0,0,0,0,0,0,0,2009
RI,transit,726,3502608,45,126926,6940,765,771,3629534,2009
RI,education - elementary and secondary instructional,339,2015320,42,70290,4178,366,381,2085610,2009
RI,education - elementary and secondary other,169,603167,60,47481,4007,195,229,650648,2009
RI,education - higher education instructional,1825,10831313,2570,3488582,111940,2547,4395,14319895,2009
RI,education - higher education other,2234,9420805,3124,1762142,139824,3136,5358,11182947,2009
RI,education - other,479,2670906,16,26123,1157,487,495,2697029,2009
RI,libraries,0,0,0,0,0,0,0,0,2009
RI,liquor stores,0,0,0,0,0,0,0,0,2009
RI,other and unallocable,1948,10870025,30,46039,2116,1961,1978,10916064,2009
SC,total,70655,252862046,19161,17108093,1114491,77261,89816,269970139,2009
SC,financial administration,3274,11184546,35,70868,2094,3286,3309,11255414,2009
SC,other government administration,583,2301658,468,508931,30085,765,1051,2810589,2009
SC,judicial and legal,763,3725462,7,11382,438,766,770,3736844,2009
SC,police protection - officers,1323,4823788,0,0,0,1323,1323,4823788,2009
SC,police protection - other,558,1791334,3,10672,198,559,561,1802006,2009
SC,corrections,7813,22251146,2,3870,120,7814,7815,22255016,2009
SC,highways,4950,15182484,6,13464,350,4952,4956,15195948,2009
SC,air transportation,0,0,0,0,0,0,0,0,2009
SC,water transport and terminals,554,2485704,7,25361,952,559,561,2511065,2009
SC,public welfare,4583,12603194,7,10350,338,4584,4590,12613544,2009
SC,health,5955,19855062,142,368853,8080,6000,6097,20223915,2009
SC,hospitals,7130,17130449,219,542522,26883,7282,7349,17672971,2009
SC,social insurance administration,1138,3578738,0,0,0,1138,1138,3578738,2009
SC,solid waste management,0,0,0,0,0,0,0,0,2009
SC,sewerage,0,0,0,0,0,0,0,0,2009
SC,parks and recreation,531,1536448,3,7792,180,532,534,1544240,2009
SC,housing and community development,0,0,0,0,0,0,0,0,2009
SC,natural resources,1987,6457180,280,270665,23963,2132,2267,6727845,2009
SC,water transport and terminals,10,59957,0,0,0,10,10,59957,2009
SC,electric power,1822,11071625,17,50707,1990,1833,1839,11122332,2009
SC,gas supply,0,0,0,0,0,0,0,0,2009
SC,transit,0,0,0,0,0,0,0,0,2009
SC,education - elementary and secondary instructional,0,0,0,0,0,0,0,0,2009
SC,education - elementary and secondary other,0,0,0,0,0,0,0,0,2009
SC,education - higher education instructional,8469,50544957,6900,7585694,373429,10690,15369,58130651,2009
SC,education - higher education other,15255,51257854,11050,7594648,644641,19077,26305,58852502,2009
SC,education - other,2659,9905036,1,1170,34,2659,2660,9906206,2009
SC,libraries,0,0,0,0,0,0,0,0,2009
SC,liquor stores,0,0,0,0,0,0,0,0,2009
SC,other and unallocable,1298,5115424,14,31144,716,1300,1312,5146568,2009
SD,total,12313,46155293,6093,4552044,308186,14053,18406,50707337,2009
SD,financial administration,429,1681886,10,14284,1004,434,439,1696170,2009
SD,other government administration,329,1184390,67,77872,5440,359,396,1262262,2009
SD,judicial and legal,570,2306000,92,106238,7072,610,662,2412238,2009
SD,police protection - officers,191,820952,3,7938,272,193,194,828890,2009
SD,police protection - other,103,293664,6,9444,792,108,109,303108,2009
SD,corrections,866,2465692,29,42580,2974,883,895,2508272,2009
SD,highways,956,3245658,106,126036,8498,1004,1062,3371694,2009
SD,air transportation,0,0,0,0,0,0,0,0,2009
SD,water transport and terminals,0,0,0,0,0,0,0,0,2009
SD,public welfare,1068,3239428,33,51288,3726,1089,1101,3290716,2009
SD,health,581,2189390,134,321342,15282,667,715,2510732,2009
SD,hospitals,876,2648630,170,233604,16624,970,1046,2882234,2009
SD,social insurance administration,266,756758,8,8598,710,270,274,765356,2009
SD,solid waste management,0,0,0,0,0,0,0,0,2009
SD,sewerage,0,0,0,0,0,0,0,0,2009
SD,parks and recreation,122,375926,33,27910,2666,137,155,403836,2009
SD,housing and community development,0,0,0,0,0,0,0,0,2009
SD,natural resources,824,3205258,305,349506,22957,953,1129,3554764,2009
SD,water transport and terminals,0,0,0,0,0,0,0,0,2009
SD,electric power,0,0,0,0,0,0,0,0,2009
SD,gas supply,0,0,0,0,0,0,0,0,2009
SD,transit,0,0,0,0,0,0,0,0,2009
SD,education - elementary and secondary instructional,0,0,0,0,0,0,0,0,2009
SD,education - elementary and secondary other,0,0,0,0,0,0,0,0,2009
SD,education - higher education instructional,1370,8842408,1289,1581319,64405,1734,2659,10423727,2009
SD,education - higher education other,2582,8663226,3713,1499962,149034,3425,6295,10163188,2009
SD,education - other,373,1277011,44,40327,2908,389,417,1317338,2009
SD,libraries,0,0,0,0,0,0,0,0,2009
SD,liquor stores,0,0,0,0,0,0,0,0,2009
SD,other and unallocable,807,2959016,51,53796,3822,828,858,3012812,2009
TN,total,76308,289493721,24069,21826006,1370346,84387,100377,311319727,2009
TN,financial administration,3436,13815382,66,98373,7769,3481,3502,13913755,2009
TN,other government administration,853,3447095,8,8957,750,857,861,3456052,2009
TN,judicial and legal,2497,12687641,4,8261,371,2499,2501,12695902,2009
TN,police protection - officers,1213,4650542,0,0,0,1213,1213,4650542,2009
TN,police protection - other,997,2374116,5,3636,166,998,1002,2377752,2009
TN,corrections,7062,20135460,33,57610,3836,7086,7095,20193070,2009
TN,highways,4149,13455978,0,0,0,4149,4149,13455978,2009
TN,air transportation,0,0,0,0,0,0,0,0,2009
TN,water transport and terminals,0,0,0,0,0,0,0,0,2009
TN,public welfare,8718,27584522,58,105528,8494,8769,8776,27690050,2009
TN,health,4821,20451457,89,270201,12359,4891,4910,20721658,2009
TN,hospitals,5552,24884947,139,466849,20836,5670,5691,25351796,2009
TN,social insurance administration,1312,4210268,195,325120,24852,1462,1507,4535388,2009
TN,solid waste management,0,0,0,0,0,0,0,0,2009
TN,sewerage,0,0,0,0,0,0,0,0,2009
TN,parks and recreation,1024,2498470,160,125888,14414,1111,1184,2624358,2009
TN,housing and community development,0,0,0,0,0,0,0,0,2009
TN,natural resources,3575,13731936,499,648955,56529,3905,4074,14380891,2009
TN,water transport and terminals,0,0,0,0,0,0,0,0,2009
TN,electric power,0,0,0,0,0,0,0,0,2009
TN,gas supply,0,0,0,0,0,0,0,0,2009
TN,transit,0,0,0,0,0,0,0,0,2009
TN,education - elementary and secondary instructional,0,0,0,0,0,0,0,0,2009
TN,education - elementary and secondary other,0,0,0,0,0,0,0,0,2009
TN,education - higher education instructional,8568,48958990,8977,10827435,524476,11686,17545,59786425,2009
TN,education - higher education other,17726,59447427,13329,8439517,673803,21672,31055,67886944,2009
TN,education - other,2042,7255242,462,373962,18713,2156,2504,7629204,2009
TN,libraries,0,0,0,0,0,0,0,0,2009
TN,liquor stores,0,0,0,0,0,0,0,0,2009
TN,other and unallocable,2763,9904248,45,65714,2978,2782,2808,9969962,2009
TX,total,265310,1116474608,82291,109059295,6158564,300112,347601,1225533903,2009
TX,financial administration,9467,39055702,153,185986,9449,9521,9620,39241688,2009
TX,other government administration,2621,10525657,568,558155,38286,2838,3189,11083812,2009
TX,judicial and legal,5581,27683574,128,621988,18362,5685,5709,28305562,2009
TX,police protection - officers,2554,11390803,0,0,0,2554,2554,11390803,2009
TX,police protection - other,1773,5708168,68,78141,5440,1804,1841,5786309,2009
TX,corrections,43798,120849831,621,794378,52260,44093,44419,121644209,2009
TX,highways,14581,57860204,534,946385,26394,14730,15115,58806589,2009
TX,air transportation,0,0,0,0,0,0,0,0,2009
TX,water transport and terminals,0,0,0,0,0,0,0,0,2009
TX,public welfare,24963,74610036,308,553393,30122,25133,25271,75163429,2009
TX,health,11540,43543563,609,1530431,47951,11811,12149,45073994,2009
TX,hospitals,29017,136793591,2463,7784599,272055,30554,31480,144578190,2009
TX,social insurance administration,4381,15558800,35,66036,3300,4400,4416,15624836,2009
TX,solid waste management,0,0,0,0,0,0,0,0,2009
TX,sewerage,0,0,0,0,0,0,0,0,2009
TX,parks and recreation,1163,3502735,159,185818,17130,1260,1322,3688553,2009
TX,housing and community development,0,0,0,0,0,0,0,0,2009
TX,natural resources,9972,43025657,2175,4329093,167851,10922,12147,47354750,2009
TX,water transport and terminals,0,0,0,0,0,0,0,0,2009
TX,electric power,0,0,0,0,0,0,0,0,2009
TX,gas supply,0,0,0,0,0,0,0,0,2009
TX,transit,0,0,0,0,0,0,0,0,2009
TX,education - elementary and secondary instructional,0,0,0,0,0,0,0,0,2009
TX,education - elementary and secondary other,0,0,0,0,0,0,0,0,2009
TX,education - higher education instructional,24751,210252090,28939,48471509,2201851,37194,53690,258723599,2009
TX,education - higher education other,66578,263009659,45020,41714513,3211224,84723,111598,304724172,2009
TX,education - other,4680,20788875,285,845251,36676,4887,4965,21634126,2009
TX,libraries,0,0,0,0,0,0,0,0,2009
TX,liquor stores,0,0,0,0,0,0,0,0,2009
TX,other and unallocable,7890,32315663,226,393619,20213,8003,8116,32709282,2009
UT,total,44398,190601137,20936,21733178,1276138,51606,65334,212334315,2009
UT,financial administration,2484,11064490,188,149219,12374,2553,2672,11213709,2009
UT,other government administration,347,1759747,164,177772,10112,404,511,1937519,2009
UT,judicial and legal,1590,6983494,114,339751,7070,1629,1704,7323245,2009
UT,police protection - officers,422,1823320,0,0,0,422,422,1823320,2009
UT,police protection - other,353,1320534,98,83197,5902,386,451,1403731,2009
UT,corrections,3208,11437810,224,175158,14130,3288,3432,11612968,2009
UT,highways,1659,6935890,10,13262,965,1664,1669,6949152,2009
UT,air transportation,0,0,0,0,0,0,0,0,2009
UT,water transport and terminals,0,0,0,0,0,0,0,0,2009
UT,public welfare,3059,10763525,262,320773,19107,3167,3321,11084298,2009
UT,health,1756,6800564,221,322541,16527,1849,1977,7123105,2009
UT,hospitals,6522,23411955,1229,1688569,75787,6950,7751,25100524,2009
UT,social insurance administration,822,3005051,63,146587,8413,870,885,3151638,2009
UT,solid waste management,0,0,0,0,0,0,0,0,2009
UT,sewerage,0,0,0,0,0,0,0,0,2009
UT,parks and recreation,290,994102,65,67335,5842,323,355,1061437,2009
UT,housing and community development,0,0,0,0,0,0,0,0,2009
UT,natural resources,1257,4728554,120,125349,10273,1315,1377,4853903,2009
UT,water transport and terminals,0,0,0,0,0,0,0,0,2009
UT,electric power,0,0,0,0,0,0,0,0,2009
UT,gas supply,0,0,0,0,0,0,0,0,2009
UT,transit,0,0,0,0,0,0,0,0,2009
UT,education - elementary and secondary instructional,0,0,0,0,0,0,0,0,2009
UT,education - elementary and secondary other,0,0,0,0,0,0,0,0,2009
UT,education - higher education instructional,6514,46742245,5249,7596472,297060,8192,11763,54338717,2009
UT,education - higher education other,11319,42021432,12009,9628598,729755,15443,23328,51650030,2009
UT,education - other,971,4123357,492,654545,42028,1208,1463,4777902,2009
UT,libraries,0,0,0,0,0,0,0,0,2009
UT,liquor stores,276,745786,324,186445,18367,380,600,932231,2009
UT,other and unallocable,1549,5939281,104,57605,2426,1563,1653,5996886,2009
VT,total,13706,60162039,3330,4006361,154512,14598,17036,64168400,2009
VT,financial administration,602,2499870,6,9206,414,603,608,2509076,2009
VT,other government administration,656,2353272,28,22948,1223,663,684,2376220,2009
VT,judicial and legal,626,2807265,24,14292,839,631,650,2821557,2009
VT,police protection - officers,314,1971886,14,7486,514,317,328,1979372,2009
VT,police protection - other,279,1231867,47,32958,2475,293,326,1264825,2009
VT,corrections,1102,4546312,8,5267,317,1104,1110,4551579,2009
VT,highways,1023,4165411,2,1293,66,1023,1025,4166704,2009
VT,air transportation,0,0,0,0,0,0,0,0,2009
VT,water transport and terminals,0,0,0,0,0,0,0,0,2009
VT,public welfare,1356,5554864,39,30617,1528,1364,1395,5585481,2009
VT,health,532,2219971,155,182006,14185,612,687,2401977,2009
VT,hospitals,290,1213135,17,25209,706,294,307,1238344,2009
VT,social insurance administration,218,845899,3,3241,93,219,221,849140,2009
VT,solid waste management,0,0,0,0,0,0,0,0,2009
VT,sewerage,0,0,0,0,0,0,0,0,2009
VT,parks and recreation,120,507438,4,1618,117,121,124,509056,2009
VT,housing and community development,0,0,0,0,0,0,0,0,2009
VT,natural resources,572,2669663,33,168867,4267,597,605,2838530,2009
VT,water transport and terminals,0,0,0,0,0,0,0,0,2009
VT,electric power,0,0,0,0,0,0,0,0,2009
VT,gas supply,0,0,0,0,0,0,0,0,2009
VT,transit,0,0,0,0,0,0,0,0,2009
VT,education - elementary and secondary instructional,0,0,0,0,0,0,0,0,2009
VT,education - elementary and secondary other,0,0,0,0,0,0,0,0,2009
VT,education - higher education instructional,1307,8673805,1387,2305330,45100,1570,2694,10979135,2009
VT,education - higher education other,2898,11023082,1468,1085599,77078,3344,4366,12108681,2009
VT,education - other,562,2453140,28,49825,2434,577,590,2502965,2009
VT,libraries,0,0,0,0,0,0,0,0,2009
VT,liquor stores,56,241842,0,0,0,56,56,241842,2009
VT,other and unallocable,1193,5183317,67,60599,3156,1210,1260,5243916,2009
VA,total,108466,460546429,53006,62891593,3025841,125570,161472,523438022,2009
VA,financial administration,3918,16256016,522,721256,50724,4205,4440,16977272,2009
VA,other government administration,522,2586032,256,551227,24514,663,778,3137259,2009
VA,judicial and legal,3593,16888140,334,443522,16330,3685,3927,17331662,2009
VA,police protection - officers,2164,10746084,16,25378,1326,2171,2180,10771462,2009
VA,police protection - other,778,2721698,214,296324,17200,876,992,3018022,2009
VA,corrections,14319,44154428,289,418050,24876,14460,14608,44572478,2009
VA,highways,8322,34497378,453,738962,39454,8545,8775,35236340,2009
VA,air transportation,0,0,0,0,0,0,0,0,2009
VA,water transport and terminals,137,655674,2,2013,137,138,139,657687,2009
VA,public welfare,2655,10479324,273,456722,23128,2786,2928,10936046,2009
VA,health,5042,20014390,549,688682,44534,5294,5591,20703072,2009
VA,hospitals,14158,52169512,2523,4446650,175888,15154,16681,56616162,2009
VA,social insurance administration,1110,4233366,362,703838,42758,1352,1472,4937204,2009
VA,solid waste management,0,0,0,0,0,0,0,0,2009
VA,sewerage,0,0,0,0,0,0,0,0,2009
VA,parks and recreation,701,2404188,570,465734,39632,926,1271,2869922,2009
VA,housing and community development,0,0,0,0,0,0,0,0,2009
VA,natural resources,2983,11436562,701,900830,60512,3325,3684,12337392,2009
VA,water transport and terminals,0,0,0,0,0,0,0,0,2009
VA,electric power,0,0,0,0,0,0,0,0,2009
VA,gas supply,0,0,0,0,0,0,0,0,2009
VA,transit,0,0,0,0,0,0,0,0,2009
VA,education - elementary and secondary instructional,0,0,0,0,0,0,0,0,2009
VA,education - elementary and secondary other,0,0,0,0,0,0,0,0,2009
VA,education - higher education instructional,14577,103964175,16504,29603929,865817,19469,31081,133568104,2009
VA,education - higher education other,26164,94385900,26788,19194568,1347898,33780,52952,113580468,2009
VA,education - other,2705,11993670,608,942610,49804,2987,3313,12936280,2009
VA,libraries,0,0,0,0,0,0,0,0,2009
VA,liquor stores,827,2697724,1539,1573884,158162,1721,2366,4271608,2009
VA,other and unallocable,3791,18262168,503,717414,43147,4033,4294,18979582,2009
WA,total,103185,492448547,54370,79979042,3934986,125423,157555,572427589,2009
WA,financial administration,2884,13484580,120,318216,13118,2958,3004,13802796,2009
WA,other government administration,1566,6942137,305,589458,23007,1697,1871,7531595,2009
WA,judicial and legal,1856,10730335,171,438628,13774,1934,2027,11168963,2009
WA,police protection - officers,1108,6951208,0,0,0,1108,1108,6951208,2009
WA,police protection - other,1177,5042280,48,78152,3486,1197,1225,5120432,2009
WA,corrections,9614,40275393,656,1298590,61485,9962,10270,41573983,2009
WA,highways,7245,38358246,496,1273736,57084,7568,7741,39631982,2009
WA,air transportation,0,0,0,0,0,0,0,0,2009
WA,water transport and terminals,0,0,0,0,0,0,0,0,2009
WA,public welfare,9643,32260538,1123,1542012,63389,10001,10766,33802550,2009
WA,health,5005,20501974,1191,2572708,125714,5714,6196,23074682,2009
WA,hospitals,8735,44005443,3469,12114265,301827,10440,12204,56119708,2009
WA,social insurance administration,2359,10748540,333,849162,47932,2630,2692,11597702,2009
WA,solid waste management,149,807628,18,60416,2018,160,167,868044,2009
WA,sewerage,0,0,0,0,0,0,0,0,2009
WA,parks and recreation,617,2950951,22,35639,2413,631,639,2986590,2009
WA,housing and community development,0,0,0,0,0,0,0,0,2009
WA,natural resources,4714,20708456,1035,2079847,120948,5396,5749,22788303,2009
WA,water transport and terminals,0,0,0,0,0,0,0,0,2009
WA,electric power,0,0,0,0,0,0,0,0,2009
WA,gas supply,0,0,0,0,0,0,0,0,2009
WA,transit,0,0,0,0,0,0,0,0,2009
WA,education - elementary and secondary instructional,0,0,0,0,0,0,0,0,2009
WA,education - elementary and secondary other,0,0,0,0,0,0,0,0,2009
WA,education - higher education instructional,12485,86791045,12118,27633576,648250,16145,24603,114424621,2009
WA,education - higher education other,26334,116671746,31616,26799029,2326333,39478,57950,143470775,2009
WA,education - other,1850,8379254,811,918929,37795,2071,2661,9298183,2009
WA,libraries,0,0,0,0,0,0,0,0,2009
WA,liquor stores,553,2221292,586,878604,66364,928,1139,3099896,2009
WA,other and unallocable,5291,24617501,252,498075,20049,5405,5543,25115576,2009
WV,total,35514,123570053,11143,10231141,664623,39505,46657,133801194,2009
WV,financial administration,1950,5694355,39,60176,3298,1970,1989,5754531,2009
WV,other government administration,208,756158,334,868904,29409,397,542,1625062,2009
WV,judicial and legal,1454,6173326,26,42459,3821,1476,1480,6215785,2009
WV,police protection - officers,636,2977638,0,0,0,636,636,2977638,2009
WV,police protection - other,357,877512,20,11956,958,362,377,889468,2009
WV,corrections,3354,8702188,13,16268,1346,3362,3367,8718456,2009
WV,highways,5125,14748049,31,52536,3963,5149,5156,14800585,2009
WV,air transportation,3,11670,0,0,0,3,3,11670,2009
WV,water transport and terminals,4,15775,0,0,0,4,4,15775,2009
WV,public welfare,3306,8583714,26,35606,2840,3322,3332,8619320,2009
WV,health,746,2414182,55,73156,3288,765,801,2487338,2009
WV,hospitals,1609,4039962,93,107818,6760,1647,1702,4147780,2009
WV,social insurance administration,575,1749168,52,58452,5548,608,627,1807620,2009
WV,solid waste management,11,39990,0,0,0,11,11,39990,2009
WV,sewerage,0,0,0,0,0,0,0,0,2009
WV,parks and recreation,395,835766,330,234232,30948,570,725,1069998,2009
WV,housing and community development,0,0,0,0,0,0,0,0,2009
WV,natural resources,2168,7542418,347,290040,26757,2326,2515,7832458,2009
WV,water transport and terminals,0,0,0,0,0,0,0,0,2009
WV,electric power,0,0,0,0,0,0,0,0,2009
WV,gas supply,0,0,0,0,0,0,0,0,2009
WV,transit,9,31516,0,0,0,9,9,31516,2009
WV,education - elementary and secondary instructional,0,0,0,0,0,0,0,0,2009
WV,education - elementary and secondary other,0,0,0,0,0,0,0,0,2009
WV,education - higher education instructional,3514,21410974,3995,5216980,245661,4994,7509,26627954,2009
WV,education - higher education other,6470,24059560,5471,2826561,286942,8199,11941,26886121,2009
WV,education - other,1281,5007458,161,210374,7306,1323,1442,5217832,2009
WV,libraries,0,0,0,0,0,0,0,0,2009
WV,liquor stores,56,157794,0,0,0,56,56,157794,2009
WV,other and unallocable,2283,7740880,150,125623,5778,2316,2433,7866503,2009
WI,total,56957,277833580,44173,44482624,2389204,70457,101130,322316204,2009
WI,financial administration,2256,10335535,458,770712,48739,2531,2714,11106247,2009
WI,other government administration,864,4037251,346,806745,28935,1028,1210,4843996,2009
WI,judicial and legal,2145,13195891,396,1171505,35349,2344,2541,14367396,2009
WI,police protection - officers,564,2993179,0,0,0,564,564,2993179,2009
WI,police protection - other,308,1302423,30,45409,2628,322,338,1347832,2009
WI,corrections,10292,41983089,929,2666334,85040,10772,11221,44649423,2009
WI,highways,1345,6863874,122,260749,11531,1410,1467,7124623,2009
WI,air transportation,0,0,0,0,0,0,0,0,2009
WI,water transport and terminals,0,0,0,0,0,0,0,0,2009
WI,public welfare,1695,7397441,401,850554,48327,1967,2096,8247995,2009
WI,health,1318,6422646,421,1101186,40948,1549,1739,7523832,2009
WI,hospitals,3166,12690118,982,1960944,74844,3590,4148,14651062,2009
WI,social insurance administration,835,3609896,48,104213,6137,870,883,3714109,2009
WI,solid waste management,0,0,0,0,0,0,0,0,2009
WI,sewerage,0,0,0,0,0,0,0,0,2009
WI,parks and recreation,168,695220,52,73839,3458,188,220,769059,2009
WI,housing and community development,0,0,0,0,0,0,0,0,2009
WI,natural resources,2032,8944791,1073,1786222,95960,2575,3105,10731013,2009
WI,water transport and terminals,0,0,0,0,0,0,0,0,2009
WI,electric power,0,0,0,0,0,0,0,0,2009
WI,gas supply,0,0,0,0,0,0,0,0,2009
WI,transit,0,0,0,0,0,0,0,0,2009
WI,education - elementary and secondary instructional,0,0,0,0,0,0,0,0,2009
WI,education - elementary and secondary other,0,0,0,0,0,0,0,0,2009
WI,education - higher education instructional,8285,55440399,11234,13117201,659137,12009,19519,68557600,2009
WI,education - higher education other,16336,75225864,25675,16338184,1099539,22548,42011,91564048,2009
WI,education - other,865,4235790,528,1056244,39089,1086,1393,5292034,2009
WI,libraries,0,0,0,0,0,0,0,0,2009
WI,liquor stores,0,0,0,0,0,0,0,0,2009
WI,other and unallocable,4483,22460173,1478,2372583,109543,5104,5961,24832756,2009
WY,total,12582,49345590,3328,2503995,185442,13628,15910,51849585,2009
WY,financial administration,639,2897679,5,7537,420,641,644,2905216,2009
WY,other government administration,141,740646,183,180667,9333,193,324,921313,2009
WY,judicial and legal,539,2697644,41,68302,3621,559,580,2765946,2009
WY,police protection - officers,201,838525,0,0,0,201,201,838525,2009
WY,police protection - other,101,433834,0,0,0,101,101,433834,2009
WY,corrections,1047,3626758,4,6161,434,1049,1051,3632919,2009
WY,highways,1820,7009342,124,204157,16208,1912,1944,7213499,2009
WY,air transportation,0,0,0,0,0,0,0,0,2009
WY,water transport and terminals,0,0,0,0,0,0,0,0,2009
WY,public welfare,795,2887687,45,78188,3830,817,840,2965875,2009
WY,health,774,3143093,94,151486,8338,821,868,3294579,2009
WY,hospitals,875,2387009,37,67392,3393,894,912,2454401,2009
WY,social insurance administration,275,1003768,12,15294,997,281,287,1019062,2009
WY,solid waste management,0,0,0,0,0,0,0,0,2009
WY,sewerage,0,0,0,0,0,0,0,0,2009
WY,parks and recreation,110,398557,6,11535,522,113,116,410092,2009
WY,housing and community development,0,0,0,0,0,0,0,0,2009
WY,natural resources,949,3641641,27,36650,3266,968,976,3678291,2009
WY,water transport and terminals,0,0,0,0,0,0,0,0,2009
WY,electric power,0,0,0,0,0,0,0,0,2009
WY,gas supply,0,0,0,0,0,0,0,0,2009
WY,transit,0,0,0,0,0,0,0,0,2009
WY,education - elementary and secondary instructional,0,0,0,0,0,0,0,0,2009
WY,education - elementary and secondary other,0,0,0,0,0,0,0,0,2009
WY,education - higher education instructional,1051,6117689,703,711691,39838,1276,1754,6829380,2009
WY,education - higher education other,2029,6628462,2000,910443,91099,2544,4029,7538905,2009
WY,education - other,258,1123890,2,2346,173,259,260,1126236,2009
WY,libraries,0,0,0,0,0,0,0,0,2009
WY,liquor stores,78,251453,0,0,0,78,78,251453,2009
WY,other and unallocable,900,3517913,45,52146,3970,921,945,3570059,2009
